0,0,0,0,0,0,0,0,0,0,0,0,0,0,0,0,0,0,0,0,0,0,0,0,0,0,0,0,0,0,0,0,0,0,0,0,0,0,0,0,0,0,0,0,0,0,0,0,0,0,0,0,0,0,0,0,0,0,0,0,0,0,0,0,0,0,0,0,0,0,0,0,0,0,0,0,0,0,0,0,0,0,0,0,0,0,0,0,0,0,0,0,0,0,0,0,0,0,0,0,0,0,0,0,0,0,0,0,0,0,0,0,0,0,0,0,0,0,0,0,0,0,0,0,0,0,0,0,0,0,0,0,0,0,0,0,0,0,0,0,0,0,0,0,0,0,0,0,0,0,0,0,0,0,0,0,0,0,0,0,0
0,0.0562771,0.112467,0.168484,0.224241,0.279653,0.334633,0.389097,0.442961,0.496143,0.548559,0.600129,0.650774,0.700416,0.748977,0.796384,0.842563,0.887442,0.930953,0.973029,1.0136,1.05262,1.09001,1.12572,1.15969,1.19187,1.22222,1.25068,1.27722,1.30178,1.32434,1.34485,1.3633,1.37963,1.39385,1.40591,1.41581,1.42352,1.42903,1.43235,1.43345,1.43235,1.42903,1.42352,1.41581,1.40591,1.39385,1.37963,1.3633,1.34485,1.32434,1.30178,1.27722,1.25068,1.22222,1.19187,1.15969,1.12572,1.09001,1.05262,1.0136,0.973029,0.930953,0.887442,0.842563,0.796384,0.748977,0.700416,0.650774,0.600129,0.548559,0.496143,0.442961,0.389097,0.334633,0.279653,0.224241,0.168484,0.112467,0.0562771,1.85615e-16,-0.0562771,-0.112467,-0.168484,-0.224241,-0.279653,-0.334633,-0.389097,-0.442961,-0.496143,-0.548559,-0.600129,-0.650774,-0.700416,-0.748977,-0.796384,-0.842563,-0.887442,-0.930953,-0.973029,-1.0136,-1.05262,-1.09001,-1.12572,-1.15969,-1.19187,-1.22222,-1.25068,-1.27722,-1.30178,-1.32434,-1.34485,-1.3633,-1.37963,-1.39385,-1.40591,-1.41581,-1.42352,-1.42903,-1.43235,-1.43345,-1.43235,-1.42903,-1.42352,-1.41581,-1.40591,-1.39385,-1.37963,-1.3633,-1.34485,-1.32434,-1.30178,-1.27722,-1.25068,-1.22222,-1.19187,-1.15969,-1.12572,-1.09001,-1.05262,-1.0136,-0.973029,-0.930953,-0.887442,-0.842563,-0.796384,-0.748977,-0.700416,-0.650774,-0.600129,-0.548559,-0.496143,-0.442961,-0.389097,-0.334633,-0.279653,-0.224241,-0.168484,-0.112467,-0.0562771,0
0,0.112467,0.224761,0.336709,0.448137,0.558875,0.66875,0.777594,0.88524,0.99152,1.09627,1.19933,1.30054,1.39975,1.4968,1.59154,1.68383,1.77352,1.86047,1.94456,2.02565,2.10361,2.17833,2.24969,2.31759,2.38191,2.44256,2.49944,2.55246,2.60155,2.64663,2.68763,2.72449,2.75714,2.78554,2.80965,2.82943,2.84484,2.85587,2.86249,2.8647,2.86249,2.85587,2.84484,2.82943,2.80965,2.78554,2.75714,2.72449,2.68763,2.64663,2.60155,2.55246,2.49944,2.44256,2.38191,2.31759,2.24969,2.17833,2.10361,2.02565,1.94456,1.86047,1.77352,1.68383,1.59154,1.4968,1.39975,1.30054,1.19933,1.09627,0.99152,0.88524,0.777594,0.66875,0.558875,0.448137,0.336709,0.224761,0.112467,4.44089e-16,-0.112467,-0.224761,-0.336709,-0.448137,-0.558875,-0.66875,-0.777594,-0.88524,-0.99152,-1.09627,-1.19933,-1.30054,-1.39975,-1.4968,-1.59154,-1.68383,-1.77352,-1.86047,-1.94456,-2.02565,-2.10361,-2.17833,-2.24969,-2.31759,-2.38191,-2.44256,-2.49944,-2.55246,-2.60155,-2.64663,-2.68763,-2.72449,-2.75714,-2.78554,-2.80965,-2.82943,-2.84484,-2.85587,-2.86249,-2.8647,-2.86249,-2.85587,-2.84484,-2.82943,-2.80965,-2.78554,-2.75714,-2.72449,-2.68763,-2.64663,-2.60155,-2.55246,-2.49944,-2.44256,-2.38191,-2.31759,-2.24969,-2.17833,-2.10361,-2.02565,-1.94456,-1.86047,-1.77352,-1.68383,-1.59154,-1.4968,-1.39975,-1.30054,-1.19933,-1.09627,-0.99152,-0.88524,-0.777594,-0.66875,-0.558875,-0.448137,-0.336709,-0.224761,-0.112467,0
0,0.168484,0.336709,0.504414,0.671342,0.837234,1.00184,1.16489,1.32615,1.48537,1.64229,1.79669,1.94831,2.09693,2.24231,2.38424,2.52249,2.65686,2.78712,2.91309,3.03456,3.15136,3.2633,3.37021,3.47191,3.56827,3.65912,3.74434,3.82377,3.89732,3.96485,4.02627,4.08148,4.1304,4.17295,4.20906,4.23869,4.26178,4.27829,4.28821,4.29152,4.28821,4.27829,4.26178,4.23869,4.20906,4.17295,4.1304,4.08148,4.02627,3.96485,3.89732,3.82377,3.74434,3.65912,3.56827,3.47191,3.37021,3.2633,3.15136,3.03456,2.91309,2.78712,2.65686,2.52249,2.38424,2.24231,2.09693,1.94831,1.79669,1.64229,1.48537,1.32615,1.16489,1.00184,0.837234,0.671342,0.504414,0.336709,0.168484,5.55112e-16,-0.168484,-0.336709,-0.504414,-0.671342,-0.837234,-1.00184,-1.16489,-1.32615,-1.48537,-1.64229,-1.79669,-1.94831,-2.09693,-2.24231,-2.38424,-2.52249,-2.65686,-2.78712,-2.91309,-3.03456,-3.15136,-3.2633,-3.37021,-3.47191,-3.56827,-3.65912,-3.74434,-3.82377,-3.89732,-3.96485,-4.02627,-4.08148,-4.1304,-4.17295,-4.20906,-4.23869,-4.26178,-4.27829,-4.28821,-4.29152,-4.28821,-4.27829,-4.26178,-4.23869,-4.20906,-4.17295,-4.1304,-4.08148,-4.02627,-3.96485,-3.89732,-3.82377,-3.74434,-3.65912,-3.56827,-3.47191,-3.37021,-3.2633,-3.15136,-3.03456,-2.91309,-2.78712,-2.65686,-2.52249,-2.38424,-2.24231,-2.09693,-1.94831,-1.79669,-1.64229,-1.48537,-1.32615,-1.16489,-1.00184,-0.837234,-0.671342,-0.504414,-0.336709,-0.168484,0
0,0.224241,0.448137,0.671342,0.893512,1.1143,1.33338,1.55039,1.76502,1.97693,2.18578,2.39127,2.59307,2.79087,2.98437,3.17327,3.35727,3.5361,3.70947,3.87713,4.0388,4.19425,4.34323,4.48552,4.62089,4.74913,4.87005,4.98346,5.08919,5.18707,5.27695,5.3587,5.43218,5.49729,5.55392,5.60198,5.64141,5.67214,5.69412,5.70733,5.71173,5.70733,5.69412,5.67214,5.64141,5.60198,5.55392,5.49729,5.43218,5.3587,5.27695,5.18707,5.08919,4.98346,4.87005,4.74913,4.62089,4.48552,4.34323,4.19425,4.0388,3.87713,3.70947,3.5361,3.35727,3.17327,2.98437,2.79087,2.59307,2.39127,2.18578,1.97693,1.76502,1.55039,1.33338,1.1143,0.893512,0.671342,0.448137,0.224241,8.95117e-16,-0.224241,-0.448137,-0.671342,-0.893512,-1.1143,-1.33338,-1.55039,-1.76502,-1.97693,-2.18578,-2.39127,-2.59307,-2.79087,-2.98437,-3.17327,-3.35727,-3.5361,-3.70947,-3.87713,-4.0388,-4.19425,-4.34323,-4.48552,-4.62089,-4.74913,-4.87005,-4.98346,-5.08919,-5.18707,-5.27695,-5.3587,-5.43218,-5.49729,-5.55392,-5.60198,-5.64141,-5.67214,-5.69412,-5.70733,-5.71173,-5.70733,-5.69412,-5.67214,-5.64141,-5.60198,-5.55392,-5.49729,-5.43218,-5.3587,-5.27695,-5.18707,-5.08919,-4.98346,-4.87005,-4.74913,-4.62089,-4.48552,-4.34323,-4.19425,-4.0388,-3.87713,-3.70947,-3.5361,-3.35727,-3.17327,-2.98437,-2.79087,-2.59307,-2.39127,-2.18578,-1.97693,-1.76502,-1.55039,-1.33338,-1.1143,-0.893512,-0.671342,-0.448137,-0.224241,0
0,0.279653,0.558875,0.837234,1.1143,1.38965,1.66286,1.93351,2.20117,2.46544,2.7259,2.98217,3.23383,3.48051,3.72183,3.9574,4.18687,4.40989,4.6261,4.83519,5.03682,5.23068,5.41647,5.59392,5.76274,5.92267,6.07347,6.2149,6.34676,6.46882,6.58092,6.68286,6.7745,6.8557,6.92632,6.98626,7.03543,7.07376,7.10117,7.11764,7.12313,7.11764,7.10117,7.07376,7.03543,6.98626,6.92632,6.8557,6.7745,6.68286,6.58092,6.46882,6.34676,6.2149,6.07347,5.92267,5.76274,5.59392,5.41647,5.23068,5.03682,4.83519,4.6261,4.40989,4.18687,3.9574,3.72183,3.48051,3.23383,2.98217,2.7259,2.46544,2.20117,1.93351,1.66286,1.38965,1.1143,0.837234,0.558875,0.279653,9.02056e-16,-0.279653,-0.558875,-0.837234,-1.1143,-1.38965,-1.66286,-1.93351,-2.20117,-2.46544,-2.7259,-2.98217,-3.23383,-3.48051,-3.72183,-3.9574,-4.18687,-4.40989,-4.6261,-4.83519,-5.03682,-5.23068,-5.41647,-5.59392,-5.76274,-5.92267,-6.07347,-6.2149,-6.34676,-6.46882,-6.58092,-6.68286,-6.7745,-6.8557,-6.92632,-6.98626,-7.03543,-7.07376,-7.10117,-7.11764,-7.12313,-7.11764,-7.10117,-7.07376,-7.03543,-6.98626,-6.92632,-6.8557,-6.7745,-6.68286,-6.58092,-6.46882,-6.34676,-6.2149,-6.07347,-5.92267,-5.76274,-5.59392,-5.41647,-5.23068,-5.03682,-4.83519,-4.6261,-4.40989,-4.18687,-3.9574,-3.72183,-3.48051,-3.23383,-2.98217,-2.7259,-2.46544,-2.20117,-1.93351,-1.66286,-1.38965,-1.1143,-0.837234,-0.558875,-0.279653,0
0,0.334633,0.66875,1.00184,1.33338,1.66286,1.98978,2.31364,2.63392,2.95015,3.26182,3.56847,3.86961,4.16479,4.45354,4.73543,5.01002,5.27688,5.5356,5.78579,6.02706,6.25904,6.48136,6.69369,6.8957,7.08707,7.26752,7.43676,7.59454,7.7406,7.87473,7.99672,8.10638,8.20354,8.28804,8.35977,8.41861,8.46447,8.49728,8.51698,8.52355,8.51698,8.49728,8.46447,8.41861,8.35977,8.28804,8.20354,8.10638,7.99672,7.87473,7.7406,7.59454,7.43676,7.26752,7.08707,6.8957,6.69369,6.48136,6.25904,6.02706,5.78579,5.5356,5.27688,5.01002,4.73543,4.45354,4.16479,3.86961,3.56847,3.26182,2.95015,2.63392,2.31364,1.98978,1.66286,1.33338,1.00184,0.66875,0.334633,1.33227e-15,-0.334633,-0.66875,-1.00184,-1.33338,-1.66286,-1.98978,-2.31364,-2.63392,-2.95015,-3.26182,-3.56847,-3.86961,-4.16479,-4.45354,-4.73543,-5.01002,-5.27688,-5.5356,-5.78579,-6.02706,-6.25904,-6.48136,-6.69369,-6.8957,-7.08707,-7.26752,-7.43676,-7.59454,-7.7406,-7.87473,-7.99672,-8.10638,-8.20354,-8.28804,-8.35977,-8.41861,-8.46447,-8.49728,-8.51698,-8.52355,-8.51698,-8.49728,-8.46447,-8.41861,-8.35977,-8.28804,-8.20354,-8.10638,-7.99672,-7.87473,-7.7406,-7.59454,-7.43676,-7.26752,-7.08707,-6.8957,-6.69369,-6.48136,-6.25904,-6.02706,-5.78579,-5.5356,-5.27688,-5.01002,-4.73543,-4.45354,-4.16479,-3.86961,-3.56847,-3.26182,-2.95015,-2.63392,-2.31364,-1.98978,-1.66286,-1.33338,-1.00184,-0.66875,-0.334633,0
0,0.389097,0.777594,1.16489,1.55039,1.93351,2.31364,2.6902,3.06261,3.43031,3.79271,4.14926,4.49942,4.84264,5.17839,5.50616,5.82544,6.13573,6.43657,6.72748,7.00801,7.27774,7.53625,7.78314,8.01803,8.24055,8.45037,8.64716,8.83061,9.00045,9.15641,9.29825,9.42576,9.53873,9.63699,9.72039,9.78881,9.84213,9.88027,9.90319,9.91083,9.90319,9.88027,9.84213,9.78881,9.72039,9.63699,9.53873,9.42576,9.29825,9.15641,9.00045,8.83061,8.64716,8.45037,8.24055,8.01803,7.78314,7.53625,7.27774,7.00801,6.72748,6.43657,6.13573,5.82544,5.50616,5.17839,4.84264,4.49942,4.14926,3.79271,3.43031,3.06261,2.6902,2.31364,1.93351,1.55039,1.16489,0.777594,0.389097,1.27676e-15,-0.389097,-0.777594,-1.16489,-1.55039,-1.93351,-2.31364,-2.6902,-3.06261,-3.43031,-3.79271,-4.14926,-4.49942,-4.84264,-5.17839,-5.50616,-5.82544,-6.13573,-6.43657,-6.72748,-7.00801,-7.27774,-7.53625,-7.78314,-8.01803,-8.24055,-8.45037,-8.64716,-8.83061,-9.00045,-9.15641,-9.29825,-9.42576,-9.53873,-9.63699,-9.72039,-9.78881,-9.84213,-9.88027,-9.90319,-9.91083,-9.90319,-9.88027,-9.84213,-9.78881,-9.72039,-9.63699,-9.53873,-9.42576,-9.29825,-9.15641,-9.00045,-8.83061,-8.64716,-8.45037,-8.24055,-8.01803,-7.78314,-7.53625,-7.27774,-7.00801,-6.72748,-6.43657,-6.13573,-5.82544,-5.50616,-5.17839,-4.84264,-4.49942,-4.14926,-3.79271,-3.43031,-3.06261,-2.6902,-2.31364,-1.93351,-1.55039,-1.16489,-0.777594,-0.389097,0
0,0.442961,0.88524,1.32615,1.76502,2.20117,2.63392,3.06261,3.48658,3.90518,4.31775,4.72366,5.12229,5.51303,5.89526,6.2684,6.63188,6.98513,7.32761,7.65879,7.97816,8.28523,8.57952,8.86059,9.12799,9.38132,9.62019,9.84422,10.0531,10.2464,10.424,10.5854,10.7306,10.8592,10.9711,11.066,11.1439,11.2046,11.248,11.2741,11.2828,11.2741,11.248,11.2046,11.1439,11.066,10.9711,10.8592,10.7306,10.5854,10.424,10.2464,10.0531,9.84422,9.62019,9.38132,9.12799,8.86059,8.57952,8.28523,7.97816,7.65879,7.32761,6.98513,6.63188,6.2684,5.89526,5.51303,5.12229,4.72366,4.31775,3.90518,3.48658,3.06261,2.63392,2.20117,1.76502,1.32615,0.88524,0.442961,1.77636e-15,-0.442961,-0.88524,-1.32615,-1.76502,-2.20117,-2.63392,-3.06261,-3.48658,-3.90518,-4.31775,-4.72366,-5.12229,-5.51303,-5.89526,-6.2684,-6.63188,-6.98513,-7.32761,-7.65879,-7.97816,-8.28523,-8.57952,-8.86059,-9.12799,-9.38132,-9.62019,-9.84422,-10.0531,-10.2464,-10.424,-10.5854,-10.7306,-10.8592,-10.9711,-11.066,-11.1439,-11.2046,-11.248,-11.2741,-11.2828,-11.2741,-11.248,-11.2046,-11.1439,-11.066,-10.9711,-10.8592,-10.7306,-10.5854,-10.424,-10.2464,-10.0531,-9.84422,-9.62019,-9.38132,-9.12799,-8.86059,-8.57952,-8.28523,-7.97816,-7.65879,-7.32761,-6.98513,-6.63188,-6.2684,-5.89526,-5.51303,-5.12229,-4.72366,-4.31775,-3.90518,-3.48658,-3.06261,-2.63392,-2.20117,-1.76502,-1.32615,-0.88524,-0.442961,0
0,0.496143,0.99152,1.48537,1.97693,2.46544,2.95015,3.43031,3.90518,4.37403,4.83613,5.29078,5.73727,6.17491,6.60303,7.02097,7.42809,7.82375,8.20735,8.57829,8.936,9.27994,9.60957,9.92438,10.2239,10.5076,10.7752,11.0261,11.26,11.4766,11.6755,11.8563,12.0189,12.1629,12.2882,12.3946,12.4818,12.5498,12.5985,12.6277,12.6374,12.6277,12.5985,12.5498,12.4818,12.3946,12.2882,12.1629,12.0189,11.8563,11.6755,11.4766,11.26,11.0261,10.7752,10.5076,10.2239,9.92438,9.60957,9.27994,8.936,8.57829,8.20735,7.82375,7.42809,7.02097,6.60303,6.17491,5.73727,5.29078,4.83613,4.37403,3.90518,3.43031,2.95015,2.46544,1.97693,1.48537,0.99152,0.496143,1.63758e-15,-0.496143,-0.99152,-1.48537,-1.97693,-2.46544,-2.95015,-3.43031,-3.90518,-4.37403,-4.83613,-5.29078,-5.73727,-6.17491,-6.60303,-7.02097,-7.42809,-7.82375,-8.20735,-8.57829,-8.936,-9.27994,-9.60957,-9.92438,-10.2239,-10.5076,-10.7752,-11.0261,-11.26,-11.4766,-11.6755,-11.8563,-12.0189,-12.1629,-12.2882,-12.3946,-12.4818,-12.5498,-12.5985,-12.6277,-12.6374,-12.6277,-12.5985,-12.5498,-12.4818,-12.3946,-12.2882,-12.1629,-12.0189,-11.8563,-11.6755,-11.4766,-11.26,-11.0261,-10.7752,-10.5076,-10.2239,-9.92438,-9.60957,-9.27994,-8.936,-8.57829,-8.20735,-7.82375,-7.42809,-7.02097,-6.60303,-6.17491,-5.73727,-5.29078,-4.83613,-4.37403,-3.90518,-3.43031,-2.95015,-2.46544,-1.97693,-1.48537,-0.99152,-0.496143,0
0,0.548559,1.09627,1.64229,2.18578,2.7259,3.26182,3.79271,4.31775,4.83613,5.34705,5.84973,6.34339,6.82727,7.30063,7.76272,8.21285,8.65031,9.07443,9.48456,9.88007,10.2603,10.6248,10.9729,11.304,11.6177,11.9135,12.191,12.4496,12.6891,12.9089,13.1089,13.2887,13.4479,13.5865,13.704,13.8005,13.8757,13.9295,13.9618,13.9725,13.9618,13.9295,13.8757,13.8005,13.704,13.5865,13.4479,13.2887,13.1089,12.9089,12.6891,12.4496,12.191,11.9135,11.6177,11.304,10.9729,10.6248,10.2603,9.88007,9.48456,9.07443,8.65031,8.21285,7.76272,7.30063,6.82727,6.34339,5.84973,5.34705,4.83613,4.31775,3.79271,3.26182,2.7259,2.18578,1.64229,1.09627,0.548559,2.16493e-15,-0.548559,-1.09627,-1.64229,-2.18578,-2.7259,-3.26182,-3.79271,-4.31775,-4.83613,-5.34705,-5.84973,-6.34339,-6.82727,-7.30063,-7.76272,-8.21285,-8.65031,-9.07443,-9.48456,-9.88007,-10.2603,-10.6248,-10.9729,-11.304,-11.6177,-11.9135,-12.191,-12.4496,-12.6891,-12.9089,-13.1089,-13.2887,-13.4479,-13.5865,-13.704,-13.8005,-13.8757,-13.9295,-13.9618,-13.9725,-13.9618,-13.9295,-13.8757,-13.8005,-13.704,-13.5865,-13.4479,-13.2887,-13.1089,-12.9089,-12.6891,-12.4496,-12.191,-11.9135,-11.6177,-11.304,-10.9729,-10.6248,-10.2603,-9.88007,-9.48456,-9.07443,-8.65031,-8.21285,-7.76272,-7.30063,-6.82727,-6.34339,-5.84973,-5.34705,-4.83613,-4.31775,-3.79271,-3.26182,-2.7259,-2.18578,-1.64229,-1.09627,-0.548559,0
0,0.600129,1.19933,1.79669,2.39127,2.98217,3.56847,4.14926,4.72366,5.29078,5.84973,6.39967,6.93974,7.46911,7.98696,8.4925,8.98494,9.46353,9.92752,10.3762,10.8089,11.2249,11.6236,12.0044,12.3667,12.7099,13.0335,13.3371,13.62,13.882,14.1225,14.3413,14.5379,14.7122,14.8637,14.9924,15.0979,15.1801,15.239,15.2743,15.2861,15.2743,15.239,15.1801,15.0979,14.9924,14.8637,14.7122,14.5379,14.3413,14.1225,13.882,13.62,13.3371,13.0335,12.7099,12.3667,12.0044,11.6236,11.2249,10.8089,10.3762,9.92752,9.46353,8.98494,8.4925,7.98696,7.46911,6.93974,6.39967,5.84973,5.29078,4.72366,4.14926,3.56847,2.98217,2.39127,1.79669,1.19933,0.600129,1.9984e-15,-0.600129,-1.19933,-1.79669,-2.39127,-2.98217,-3.56847,-4.14926,-4.72366,-5.29078,-5.84973,-6.39967,-6.93974,-7.46911,-7.98696,-8.4925,-8.98494,-9.46353,-9.92752,-10.3762,-10.8089,-11.2249,-11.6236,-12.0044,-12.3667,-12.7099,-13.0335,-13.3371,-13.62,-13.882,-14.1225,-14.3413,-14.5379,-14.7122,-14.8637,-14.9924,-15.0979,-15.1801,-15.239,-15.2743,-15.2861,-15.2743,-15.239,-15.1801,-15.0979,-14.9924,-14.8637,-14.7122,-14.5379,-14.3413,-14.1225,-13.882,-13.62,-13.3371,-13.0335,-12.7099,-12.3667,-12.0044,-11.6236,-11.2249,-10.8089,-10.3762,-9.92752,-9.46353,-8.98494,-8.4925,-7.98696,-7.46911,-6.93974,-6.39967,-5.84973,-5.29078,-4.72366,-4.14926,-3.56847,-2.98217,-2.39127,-1.79669,-1.19933,-0.600129,0
0,0.650774,1.30054,1.94831,2.59307,3.23383,3.86961,4.49942,5.12229,5.73727,6.34339,6.93974,7.52539,8.09943,8.66098,9.20918,9.74318,10.2622,10.7653,11.2519,11.7211,12.1722,12.6046,13.0175,13.4103,13.7825,14.1334,14.4626,14.7694,15.0535,15.3143,15.5515,15.7648,15.9537,16.1181,16.2576,16.372,16.4612,16.525,16.5633,16.5761,16.5633,16.525,16.4612,16.372,16.2576,16.1181,15.9537,15.7648,15.5515,15.3143,15.0535,14.7694,14.4626,14.1334,13.7825,13.4103,13.0175,12.6046,12.1722,11.7211,11.2519,10.7653,10.2622,9.74318,9.20918,8.66098,8.09943,7.52539,6.93974,6.34339,5.73727,5.12229,4.49942,3.86961,3.23383,2.59307,1.94831,1.30054,0.650774,2.52576e-15,-0.650774,-1.30054,-1.94831,-2.59307,-3.23383,-3.86961,-4.49942,-5.12229,-5.73727,-6.34339,-6.93974,-7.52539,-8.09943,-8.66098,-9.20918,-9.74318,-10.2622,-10.7653,-11.2519,-11.7211,-12.1722,-12.6046,-13.0175,-13.4103,-13.7825,-14.1334,-14.4626,-14.7694,-15.0535,-15.3143,-15.5515,-15.7648,-15.9537,-16.1181,-16.2576,-16.372,-16.4612,-16.525,-16.5633,-16.5761,-16.5633,-16.525,-16.4612,-16.372,-16.2576,-16.1181,-15.9537,-15.7648,-15.5515,-15.3143,-15.0535,-14.7694,-14.4626,-14.1334,-13.7825,-13.4103,-13.0175,-12.6046,-12.1722,-11.7211,-11.2519,-10.7653,-10.2622,-9.74318,-9.20918,-8.66098,-8.09943,-7.52539,-6.93974,-6.34339,-5.73727,-5.12229,-4.49942,-3.86961,-3.23383,-2.59307,-1.94831,-1.30054,-0.650774,0
0,0.700416,1.39975,2.09693,2.79087,3.48051,4.16479,4.84264,5.51303,6.17491,6.82727,7.46911,8.09943,8.71726,9.32165,9.91166,10.4864,11.045,11.5865,12.1102,12.6152,13.1007,13.566,14.0105,14.4333,14.8339,15.2115,15.5658,15.896,16.2018,16.4825,16.7378,16.9673,17.1707,17.3476,17.4977,17.6209,17.7169,17.7855,17.8268,17.8405,17.8268,17.7855,17.7169,17.6209,17.4977,17.3476,17.1707,16.9673,16.7378,16.4825,16.2018,15.896,15.5658,15.2115,14.8339,14.4333,14.0105,13.566,13.1007,12.6152,12.1102,11.5865,11.045,10.4864,9.91166,9.32165,8.71726,8.09943,7.46911,6.82727,6.17491,5.51303,4.84264,4.16479,3.48051,2.79087,2.09693,1.39975,0.700416,2.41474e-15,-0.700416,-1.39975,-2.09693,-2.79087,-3.48051,-4.16479,-4.84264,-5.51303,-6.17491,-6.82727,-7.46911,-8.09943,-8.71726,-9.32165,-9.91166,-10.4864,-11.045,-11.5865,-12.1102,-12.6152,-13.1007,-13.566,-14.0105,-14.4333,-14.8339,-15.2115,-15.5658,-15.896,-16.2018,-16.4825,-16.7378,-16.9673,-17.1707,-17.3476,-17.4977,-17.6209,-17.7169,-17.7855,-17.8268,-17.8405,-17.8268,-17.7855,-17.7169,-17.6209,-17.4977,-17.3476,-17.1707,-16.9673,-16.7378,-16.4825,-16.2018,-15.896,-15.5658,-15.2115,-14.8339,-14.4333,-14.0105,-13.566,-13.1007,-12.6152,-12.1102,-11.5865,-11.045,-10.4864,-9.91166,-9.32165,-8.71726,-8.09943,-7.46911,-6.82727,-6.17491,-5.51303,-4.84264,-4.16479,-3.48051,-2.79087,-2.09693,-1.39975,-0.700416,0
0,0.748977,1.4968,2.24231,2.98437,3.72183,4.45354,5.17839,5.89526,6.60303,7.30063,7.98696,8.66098,9.32165,9.96794,10.5989,11.2134,11.8107,12.3898,12.9498,13.4898,14.009,14.5066,14.9818,15.434,15.8623,16.2662,16.645,16.9981,17.3251,17.6253,17.8983,18.1437,18.3612,18.5503,18.7109,18.8426,18.9452,19.0186,19.0627,19.0775,19.0627,19.0186,18.9452,18.8426,18.7109,18.5503,18.3612,18.1437,17.8983,17.6253,17.3251,16.9981,16.645,16.2662,15.8623,15.434,14.9818,14.5066,14.009,13.4898,12.9498,12.3898,11.8107,11.2134,10.5989,9.96794,9.32165,8.66098,7.98696,7.30063,6.60303,5.89526,5.17839,4.45354,3.72183,2.98437,2.24231,1.4968,0.748977,2.94209e-15,-0.748977,-1.4968,-2.24231,-2.98437,-3.72183,-4.45354,-5.17839,-5.89526,-6.60303,-7.30063,-7.98696,-8.66098,-9.32165,-9.96794,-10.5989,-11.2134,-11.8107,-12.3898,-12.9498,-13.4898,-14.009,-14.5066,-14.9818,-15.434,-15.8623,-16.2662,-16.645,-16.9981,-17.3251,-17.6253,-17.8983,-18.1437,-18.3612,-18.5503,-18.7109,-18.8426,-18.9452,-19.0186,-19.0627,-19.0775,-19.0627,-19.0186,-18.9452,-18.8426,-18.7109,-18.5503,-18.3612,-18.1437,-17.8983,-17.6253,-17.3251,-16.9981,-16.645,-16.2662,-15.8623,-15.434,-14.9818,-14.5066,-14.009,-13.4898,-12.9498,-12.3898,-11.8107,-11.2134,-10.5989,-9.96794,-9.32165,-8.66098,-7.98696,-7.30063,-6.60303,-5.89526,-5.17839,-4.45354,-3.72183,-2.98437,-2.24231,-1.4968,-0.748977,0
0,0.796384,1.59154,2.38424,3.17327,3.9574,4.73543,5.50616,6.2684,7.02097,7.76272,8.4925,9.20918,9.91166,10.5989,11.2697,11.9232,12.5583,13.174,13.7694,14.3436,14.8957,15.4248,15.9301,16.4109,16.8663,17.2958,17.6986,18.074,18.4217,18.7409,19.0312,19.2921,19.5234,19.7245,19.8952,20.0352,20.1444,20.2224,20.2693,20.285,20.2693,20.2224,20.1444,20.0352,19.8952,19.7245,19.5234,19.2921,19.0312,18.7409,18.4217,18.074,17.6986,17.2958,16.8663,16.4109,15.9301,15.4248,14.8957,14.3436,13.7694,13.174,12.5583,11.9232,11.2697,10.5989,9.91166,9.20918,8.4925,7.76272,7.02097,6.2684,5.50616,4.73543,3.9574,3.17327,2.38424,1.59154,0.796384,2.77556e-15,-0.796384,-1.59154,-2.38424,-3.17327,-3.9574,-4.73543,-5.50616,-6.2684,-7.02097,-7.76272,-8.4925,-9.20918,-9.91166,-10.5989,-11.2697,-11.9232,-12.5583,-13.174,-13.7694,-14.3436,-14.8957,-15.4248,-15.9301,-16.4109,-16.8663,-17.2958,-17.6986,-18.074,-18.4217,-18.7409,-19.0312,-19.2921,-19.5234,-19.7245,-19.8952,-20.0352,-20.1444,-20.2224,-20.2693,-20.285,-20.2693,-20.2224,-20.1444,-20.0352,-19.8952,-19.7245,-19.5234,-19.2921,-19.0312,-18.7409,-18.4217,-18.074,-17.6986,-17.2958,-16.8663,-16.4109,-15.9301,-15.4248,-14.8957,-14.3436,-13.7694,-13.174,-12.5583,-11.9232,-11.2697,-10.5989,-9.91166,-9.20918,-8.4925,-7.76272,-7.02097,-6.2684,-5.50616,-4.73543,-3.9574,-3.17327,-2.38424,-1.59154,-0.796384,0
0,0.842563,1.68383,2.52249,3.35727,4.18687,5.01002,5.82544,6.63188,7.42809,8.21285,8.98494,9.74318,10.4864,11.2134,11.9232,12.6146,13.2865,13.9379,14.5679,15.1754,15.7594,16.3192,16.8538,17.3625,17.8443,18.2987,18.7248,19.1221,19.4898,19.8276,20.1347,20.4108,20.6554,20.8682,21.0488,21.197,21.3124,21.395,21.4447,21.4612,21.4447,21.395,21.3124,21.197,21.0488,20.8682,20.6554,20.4108,20.1347,19.8276,19.4898,19.1221,18.7248,18.2987,17.8443,17.3625,16.8538,16.3192,15.7594,15.1754,14.5679,13.9379,13.2865,12.6146,11.9232,11.2134,10.4864,9.74318,8.98494,8.21285,7.42809,6.63188,5.82544,5.01002,4.18687,3.35727,2.52249,1.68383,0.842563,3.2474e-15,-0.842563,-1.68383,-2.52249,-3.35727,-4.18687,-5.01002,-5.82544,-6.63188,-7.42809,-8.21285,-8.98494,-9.74318,-10.4864,-11.2134,-11.9232,-12.6146,-13.2865,-13.9379,-14.5679,-15.1754,-15.7594,-16.3192,-16.8538,-17.3625,-17.8443,-18.2987,-18.7248,-19.1221,-19.4898,-19.8276,-20.1347,-20.4108,-20.6554,-20.8682,-21.0488,-21.197,-21.3124,-21.395,-21.4447,-21.4612,-21.4447,-21.395,-21.3124,-21.197,-21.0488,-20.8682,-20.6554,-20.4108,-20.1347,-19.8276,-19.4898,-19.1221,-18.7248,-18.2987,-17.8443,-17.3625,-16.8538,-16.3192,-15.7594,-15.1754,-14.5679,-13.9379,-13.2865,-12.6146,-11.9232,-11.2134,-10.4864,-9.74318,-8.98494,-8.21285,-7.42809,-6.63188,-5.82544,-5.01002,-4.18687,-3.35727,-2.52249,-1.68383,-0.842563,0
0,0.887442,1.77352,2.65686,3.5361,4.40989,5.27688,6.13573,6.98513,7.82375,8.65031,9.46353,10.2622,11.045,11.8107,12.5583,13.2865,13.9942,14.6803,15.3438,15.9837,16.5989,17.1885,17.7516,18.2873,18.7948,19.2734,19.7222,20.1406,20.528,20.8837,21.2072,21.498,21.7557,21.9798,22.17,22.326,22.4477,22.5347,22.5869,22.6043,22.5869,22.5347,22.4477,22.326,22.17,21.9798,21.7557,21.498,21.2072,20.8837,20.528,20.1406,19.7222,19.2734,18.7948,18.2873,17.7516,17.1885,16.5989,15.9837,15.3438,14.6803,13.9942,13.2865,12.5583,11.8107,11.045,10.2622,9.46353,8.65031,7.82375,6.98513,6.13573,5.27688,4.40989,3.5361,2.65686,1.77352,0.887442,3.08087e-15,-0.887442,-1.77352,-2.65686,-3.5361,-4.40989,-5.27688,-6.13573,-6.98513,-7.82375,-8.65031,-9.46353,-10.2622,-11.045,-11.8107,-12.5583,-13.2865,-13.9942,-14.6803,-15.3438,-15.9837,-16.5989,-17.1885,-17.7516,-18.2873,-18.7948,-19.2734,-19.7222,-20.1406,-20.528,-20.8837,-21.2072,-21.498,-21.7557,-21.9798,-22.17,-22.326,-22.4477,-22.5347,-22.5869,-22.6043,-22.5869,-22.5347,-22.4477,-22.326,-22.17,-21.9798,-21.7557,-21.498,-21.2072,-20.8837,-20.528,-20.1406,-19.7222,-19.2734,-18.7948,-18.2873,-17.7516,-17.1885,-16.5989,-15.9837,-15.3438,-14.6803,-13.9942,-13.2865,-12.5583,-11.8107,-11.045,-10.2622,-9.46353,-8.65031,-7.82375,-6.98513,-6.13573,-5.27688,-4.40989,-3.5361,-2.65686,-1.77352,-0.887442,0
0,0.930953,1.86047,2.78712,3.70947,4.6261,5.5356,6.43657,7.32761,8.20735,9.07443,9.92752,10.7653,11.5865,12.3898,13.174,13.9379,14.6803,15.4001,16.0962,16.7674,17.4127,18.0312,18.6219,19.1839,19.7163,20.2183,20.6892,21.1281,21.5345,21.9076,22.247,22.5521,22.8223,23.0574,23.257,23.4207,23.5483,23.6395,23.6943,23.7126,23.6943,23.6395,23.5483,23.4207,23.257,23.0574,22.8223,22.5521,22.247,21.9076,21.5345,21.1281,20.6892,20.2183,19.7163,19.1839,18.6219,18.0312,17.4127,16.7674,16.0962,15.4001,14.6803,13.9379,13.174,12.3898,11.5865,10.7653,9.92752,9.07443,8.20735,7.32761,6.43657,5.5356,4.6261,3.70947,2.78712,1.86047,0.930953,3.4972e-15,-0.930953,-1.86047,-2.78712,-3.70947,-4.6261,-5.5356,-6.43657,-7.32761,-8.20735,-9.07443,-9.92752,-10.7653,-11.5865,-12.3898,-13.174,-13.9379,-14.6803,-15.4001,-16.0962,-16.7674,-17.4127,-18.0312,-18.6219,-19.1839,-19.7163,-20.2183,-20.6892,-21.1281,-21.5345,-21.9076,-22.247,-22.5521,-22.8223,-23.0574,-23.257,-23.4207,-23.5483,-23.6395,-23.6943,-23.7126,-23.6943,-23.6395,-23.5483,-23.4207,-23.257,-23.0574,-22.8223,-22.5521,-22.247,-21.9076,-21.5345,-21.1281,-20.6892,-20.2183,-19.7163,-19.1839,-18.6219,-18.0312,-17.4127,-16.7674,-16.0962,-15.4001,-14.6803,-13.9379,-13.174,-12.3898,-11.5865,-10.7653,-9.92752,-9.07443,-8.20735,-7.32761,-6.43657,-5.5356,-4.6261,-3.70947,-2.78712,-1.86047,-0.930953,0
0,0.973029,1.94456,2.91309,3.87713,4.83519,5.78579,6.72748,7.65879,8.57829,9.48456,10.3762,11.2519,12.1102,12.9498,13.7694,14.5679,15.3438,16.0962,16.8236,17.5252,18.1997,18.8462,19.4636,20.051,20.6074,21.1321,21.6242,22.083,22.5077,22.8978,23.2525,23.5713,23.8538,24.0996,24.3081,24.4792,24.6126,24.708,24.7652,24.7844,24.7652,24.708,24.6126,24.4792,24.3081,24.0996,23.8538,23.5713,23.2525,22.8978,22.5077,22.083,21.6242,21.1321,20.6074,20.051,19.4636,18.8462,18.1997,17.5252,16.8236,16.0962,15.3438,14.5679,13.7694,12.9498,12.1102,11.2519,10.3762,9.48456,8.57829,7.65879,6.72748,5.78579,4.83519,3.87713,2.91309,1.94456,0.973029,3.44169e-15,-0.973029,-1.94456,-2.91309,-3.87713,-4.83519,-5.78579,-6.72748,-7.65879,-8.57829,-9.48456,-10.3762,-11.2519,-12.1102,-12.9498,-13.7694,-14.5679,-15.3438,-16.0962,-16.8236,-17.5252,-18.1997,-18.8462,-19.4636,-20.051,-20.6074,-21.1321,-21.6242,-22.083,-22.5077,-22.8978,-23.2525,-23.5713,-23.8538,-24.0996,-24.3081,-24.4792,-24.6126,-24.708,-24.7652,-24.7844,-24.7652,-24.708,-24.6126,-24.4792,-24.3081,-24.0996,-23.8538,-23.5713,-23.2525,-22.8978,-22.5077,-22.083,-21.6242,-21.1321,-20.6074,-20.051,-19.4636,-18.8462,-18.1997,-17.5252,-16.8236,-16.0962,-15.3438,-14.5679,-13.7694,-12.9498,-12.1102,-11.2519,-10.3762,-9.48456,-8.57829,-7.65879,-6.72748,-5.78579,-4.83519,-3.87713,-2.91309,-1.94456,-0.973029,0
0,1.0136,2.02565,3.03456,4.0388,5.03682,6.02706,7.00801,7.97816,8.936,9.88007,10.8089,11.7211,12.6152,13.4898,14.3436,15.1754,15.9837,16.7674,17.5252,18.256,18.9586,19.6321,20.2752,20.8871,21.4668,22.0133,22.526,23.0039,23.4463,23.8526,24.2221,24.5542,24.8485,25.1045,25.3218,25.5,25.6389,25.7383,25.798,25.8179,25.798,25.7383,25.6389,25.5,25.3218,25.1045,24.8485,24.5542,24.2221,23.8526,23.4463,23.0039,22.526,22.0133,21.4668,20.8871,20.2752,19.6321,18.9586,18.256,17.5252,16.7674,15.9837,15.1754,14.3436,13.4898,12.6152,11.7211,10.8089,9.88007,8.936,7.97816,7.00801,6.02706,5.03682,4.0388,3.03456,2.02565,1.0136,3.77476e-15,-1.0136,-2.02565,-3.03456,-4.0388,-5.03682,-6.02706,-7.00801,-7.97816,-8.936,-9.88007,-10.8089,-11.7211,-12.6152,-13.4898,-14.3436,-15.1754,-15.9837,-16.7674,-17.5252,-18.256,-18.9586,-19.6321,-20.2752,-20.8871,-21.4668,-22.0133,-22.526,-23.0039,-23.4463,-23.8526,-24.2221,-24.5542,-24.8485,-25.1045,-25.3218,-25.5,-25.6389,-25.7383,-25.798,-25.8179,-25.798,-25.7383,-25.6389,-25.5,-25.3218,-25.1045,-24.8485,-24.5542,-24.2221,-23.8526,-23.4463,-23.0039,-22.526,-22.0133,-21.4668,-20.8871,-20.2752,-19.6321,-18.9586,-18.256,-17.5252,-16.7674,-15.9837,-15.1754,-14.3436,-13.4898,-12.6152,-11.7211,-10.8089,-9.88007,-8.936,-7.97816,-7.00801,-6.02706,-5.03682,-4.0388,-3.03456,-2.02565,-1.0136,0
0,1.05262,2.10361,3.15136,4.19425,5.23068,6.25904,7.27774,8.28523,9.27994,10.2603,11.2249,12.1722,13.1007,14.009,14.8957,15.7594,16.5989,17.4127,18.1997,18.9586,19.6883,20.3877,21.0556,21.691,22.293,22.8606,23.393,23.8893,24.3487,24.7707,25.1544,25.4993,25.8049,26.0708,26.2964,26.4815,26.6257,26.7289,26.7909,26.8116,26.7909,26.7289,26.6257,26.4815,26.2964,26.0708,25.8049,25.4993,25.1544,24.7707,24.3487,23.8893,23.393,22.8606,22.293,21.691,21.0556,20.3877,19.6883,18.9586,18.1997,17.4127,16.5989,15.7594,14.8957,14.009,13.1007,12.1722,11.2249,10.2603,9.27994,8.28523,7.27774,6.25904,5.23068,4.19425,3.15136,2.10361,1.05262,3.77476e-15,-1.05262,-2.10361,-3.15136,-4.19425,-5.23068,-6.25904,-7.27774,-8.28523,-9.27994,-10.2603,-11.2249,-12.1722,-13.1007,-14.009,-14.8957,-15.7594,-16.5989,-17.4127,-18.1997,-18.9586,-19.6883,-20.3877,-21.0556,-21.691,-22.293,-22.8606,-23.393,-23.8893,-24.3487,-24.7707,-25.1544,-25.4993,-25.8049,-26.0708,-26.2964,-26.4815,-26.6257,-26.7289,-26.7909,-26.8116,-26.7909,-26.7289,-26.6257,-26.4815,-26.2964,-26.0708,-25.8049,-25.4993,-25.1544,-24.7707,-24.3487,-23.8893,-23.393,-22.8606,-22.293,-21.691,-21.0556,-20.3877,-19.6883,-18.9586,-18.1997,-17.4127,-16.5989,-15.7594,-14.8957,-14.009,-13.1007,-12.1722,-11.2249,-10.2603,-9.27994,-8.28523,-7.27774,-6.25904,-5.23068,-4.19425,-3.15136,-2.10361,-1.05262,0
0,1.09001,2.17833,3.2633,4.34323,5.41647,6.48136,7.53625,8.57952,9.60957,10.6248,11.6236,12.6046,13.566,14.5066,15.4248,16.3192,17.1885,18.0312,18.8462,19.6321,20.3877,21.1119,21.8035,22.4615,23.0849,23.6726,24.2239,24.7378,25.2136,25.6505,26.0479,26.4051,26.7215,26.9968,27.2304,27.4221,27.5715,27.6783,27.7425,27.7639,27.7425,27.6783,27.5715,27.4221,27.2304,26.9968,26.7215,26.4051,26.0479,25.6505,25.2136,24.7378,24.2239,23.6726,23.0849,22.4615,21.8035,21.1119,20.3877,19.6321,18.8462,18.0312,17.1885,16.3192,15.4248,14.5066,13.566,12.6046,11.6236,10.6248,9.60957,8.57952,7.53625,6.48136,5.41647,4.34323,3.2633,2.17833,1.09001,3.9968e-15,-1.09001,-2.17833,-3.2633,-4.34323,-5.41647,-6.48136,-7.53625,-8.57952,-9.60957,-10.6248,-11.6236,-12.6046,-13.566,-14.5066,-15.4248,-16.3192,-17.1885,-18.0312,-18.8462,-19.6321,-20.3877,-21.1119,-21.8035,-22.4615,-23.0849,-23.6726,-24.2239,-24.7378,-25.2136,-25.6505,-26.0479,-26.4051,-26.7215,-26.9968,-27.2304,-27.4221,-27.5715,-27.6783,-27.7425,-27.7639,-27.7425,-27.6783,-27.5715,-27.4221,-27.2304,-26.9968,-26.7215,-26.4051,-26.0479,-25.6505,-25.2136,-24.7378,-24.2239,-23.6726,-23.0849,-22.4615,-21.8035,-21.1119,-20.3877,-19.6321,-18.8462,-18.0312,-17.1885,-16.3192,-15.4248,-14.5066,-13.566,-12.6046,-11.6236,-10.6248,-9.60957,-8.57952,-7.53625,-6.48136,-5.41647,-4.34323,-3.2633,-2.17833,-1.09001,0
0,1.12572,2.24969,3.37021,4.48552,5.59392,6.69369,7.78314,8.86059,9.92438,10.9729,12.0044,13.0175,14.0105,14.9818,15.9301,16.8538,17.7516,18.6219,19.4636,20.2752,21.0556,21.8035,22.5178,23.1973,23.8411,24.4482,25.0175,25.5482,26.0396,26.4908,26.9012,27.2701,27.5969,27.8812,28.1225,28.3205,28.4747,28.5851,28.6514,28.6735,28.6514,28.5851,28.4747,28.3205,28.1225,27.8812,27.5969,27.2701,26.9012,26.4908,26.0396,25.5482,25.0175,24.4482,23.8411,23.1973,22.5178,21.8035,21.0556,20.2752,19.4636,18.6219,17.7516,16.8538,15.9301,14.9818,14.0105,13.0175,12.0044,10.9729,9.92438,8.86059,7.78314,6.69369,5.59392,4.48552,3.37021,2.24969,1.12572,4.21885e-15,-1.12572,-2.24969,-3.37021,-4.48552,-5.59392,-6.69369,-7.78314,-8.86059,-9.92438,-10.9729,-12.0044,-13.0175,-14.0105,-14.9818,-15.9301,-16.8538,-17.7516,-18.6219,-19.4636,-20.2752,-21.0556,-21.8035,-22.5178,-23.1973,-23.8411,-24.4482,-25.0175,-25.5482,-26.0396,-26.4908,-26.9012,-27.2701,-27.5969,-27.8812,-28.1225,-28.3205,-28.4747,-28.5851,-28.6514,-28.6735,-28.6514,-28.5851,-28.4747,-28.3205,-28.1225,-27.8812,-27.5969,-27.2701,-26.9012,-26.4908,-26.0396,-25.5482,-25.0175,-24.4482,-23.8411,-23.1973,-22.5178,-21.8035,-21.0556,-20.2752,-19.4636,-18.6219,-17.7516,-16.8538,-15.9301,-14.9818,-14.0105,-13.0175,-12.0044,-10.9729,-9.92438,-8.86059,-7.78314,-6.69369,-5.59392,-4.48552,-3.37021,-2.24969,-1.12572,0
0,1.15969,2.31759,3.47191,4.62089,5.76274,6.8957,8.01803,9.12799,10.2239,11.304,12.3667,13.4103,14.4333,15.434,16.4109,17.3625,18.2873,19.1839,20.051,20.8871,21.691,22.4615,23.1973,23.8974,24.5606,25.186,25.7725,26.3193,26.8255,27.2903,27.7131,28.0931,28.4298,28.7226,28.9712,29.1751,29.3341,29.4477,29.516,29.5388,29.516,29.4477,29.3341,29.1751,28.9712,28.7226,28.4298,28.0931,27.7131,27.2903,26.8255,26.3193,25.7725,25.186,24.5606,23.8974,23.1973,22.4615,21.691,20.8871,20.051,19.1839,18.2873,17.3625,16.4109,15.434,14.4333,13.4103,12.3667,11.304,10.2239,9.12799,8.01803,6.8957,5.76274,4.62089,3.47191,2.31759,1.15969,4.10783e-15,-1.15969,-2.31759,-3.47191,-4.62089,-5.76274,-6.8957,-8.01803,-9.12799,-10.2239,-11.304,-12.3667,-13.4103,-14.4333,-15.434,-16.4109,-17.3625,-18.2873,-19.1839,-20.051,-20.8871,-21.691,-22.4615,-23.1973,-23.8974,-24.5606,-25.186,-25.7725,-26.3193,-26.8255,-27.2903,-27.7131,-28.0931,-28.4298,-28.7226,-28.9712,-29.1751,-29.3341,-29.4477,-29.516,-29.5388,-29.516,-29.4477,-29.3341,-29.1751,-28.9712,-28.7226,-28.4298,-28.0931,-27.7131,-27.2903,-26.8255,-26.3193,-25.7725,-25.186,-24.5606,-23.8974,-23.1973,-22.4615,-21.691,-20.8871,-20.051,-19.1839,-18.2873,-17.3625,-16.4109,-15.434,-14.4333,-13.4103,-12.3667,-11.304,-10.2239,-9.12799,-8.01803,-6.8957,-5.76274,-4.62089,-3.47191,-2.31759,-1.15969,0
0,1.19187,2.38191,3.56827,4.74913,5.92267,7.08707,8.24055,9.38132,10.5076,11.6177,12.7099,13.7825,14.8339,15.8623,16.8663,17.8443,18.7948,19.7163,20.6074,21.4668,22.293,23.0849,23.8411,24.5606,25.2422,25.885,26.4878,27.0497,27.57,28.0477,28.4822,28.8727,29.2188,29.5198,29.7753,29.9848,30.1482,30.265,30.3352,30.3586,30.3352,30.265,30.1482,29.9848,29.7753,29.5198,29.2188,28.8727,28.4822,28.0477,27.57,27.0497,26.4878,25.885,25.2422,24.5606,23.8411,23.0849,22.293,21.4668,20.6074,19.7163,18.7948,17.8443,16.8663,15.8623,14.8339,13.7825,12.7099,11.6177,10.5076,9.38132,8.24055,7.08707,5.92267,4.74913,3.56827,2.38191,1.19187,4.66294e-15,-1.19187,-2.38191,-3.56827,-4.74913,-5.92267,-7.08707,-8.24055,-9.38132,-10.5076,-11.6177,-12.7099,-13.7825,-14.8339,-15.8623,-16.8663,-17.8443,-18.7948,-19.7163,-20.6074,-21.4668,-22.293,-23.0849,-23.8411,-24.5606,-25.2422,-25.885,-26.4878,-27.0497,-27.57,-28.0477,-28.4822,-28.8727,-29.2188,-29.5198,-29.7753,-29.9848,-30.1482,-30.265,-30.3352,-30.3586,-30.3352,-30.265,-30.1482,-29.9848,-29.7753,-29.5198,-29.2188,-28.8727,-28.4822,-28.0477,-27.57,-27.0497,-26.4878,-25.885,-25.2422,-24.5606,-23.8411,-23.0849,-22.293,-21.4668,-20.6074,-19.7163,-18.7948,-17.8443,-16.8663,-15.8623,-14.8339,-13.7825,-12.7099,-11.6177,-10.5076,-9.38132,-8.24055,-7.08707,-5.92267,-4.74913,-3.56827,-2.38191,-1.19187,0
0,1.22222,2.44256,3.65912,4.87005,6.07347,7.26752,8.45037,9.62019,10.7752,11.9135,13.0335,14.1334,15.2115,16.2662,17.2958,18.2987,19.2734,20.2183,21.1321,22.0133,22.8606,23.6726,24.4482,25.186,25.885,26.544,27.1622,27.7384,28.2719,28.7618,29.2074,29.6079,29.9627,30.2714,30.5334,30.7483,30.9158,31.0356,31.1076,31.1316,31.1076,31.0356,30.9158,30.7483,30.5334,30.2714,29.9627,29.6079,29.2074,28.7618,28.2719,27.7384,27.1622,26.544,25.885,25.186,24.4482,23.6726,22.8606,22.0133,21.1321,20.2183,19.2734,18.2987,17.2958,16.2662,15.2115,14.1334,13.0335,11.9135,10.7752,9.62019,8.45037,7.26752,6.07347,4.87005,3.65912,2.44256,1.22222,4.27436e-15,-1.22222,-2.44256,-3.65912,-4.87005,-6.07347,-7.26752,-8.45037,-9.62019,-10.7752,-11.9135,-13.0335,-14.1334,-15.2115,-16.2662,-17.2958,-18.2987,-19.2734,-20.2183,-21.1321,-22.0133,-22.8606,-23.6726,-24.4482,-25.186,-25.885,-26.544,-27.1622,-27.7384,-28.2719,-28.7618,-29.2074,-29.6079,-29.9627,-30.2714,-30.5334,-30.7483,-30.9158,-31.0356,-31.1076,-31.1316,-31.1076,-31.0356,-30.9158,-30.7483,-30.5334,-30.2714,-29.9627,-29.6079,-29.2074,-28.7618,-28.2719,-27.7384,-27.1622,-26.544,-25.885,-25.186,-24.4482,-23.6726,-22.8606,-22.0133,-21.1321,-20.2183,-19.2734,-18.2987,-17.2958,-16.2662,-15.2115,-14.1334,-13.0335,-11.9135,-10.7752,-9.62019,-8.45037,-7.26752,-6.07347,-4.87005,-3.65912,-2.44256,-1.22222,0
0,1.25068,2.49944,3.74434,4.98346,6.2149,7.43676,8.64716,9.84422,11.0261,12.191,13.3371,14.4626,15.5658,16.645,17.6986,18.7248,19.7222,20.6892,21.6242,22.526,23.393,24.2239,25.0175,25.7725,26.4878,27.1622,27.7947,28.3844,28.9303,29.4316,29.8875,30.2974,30.6605,30.9764,31.2444,31.4643,31.6357,31.7583,31.832,31.8565,31.832,31.7583,31.6357,31.4643,31.2444,30.9764,30.6605,30.2974,29.8875,29.4316,28.9303,28.3844,27.7947,27.1622,26.4878,25.7725,25.0175,24.2239,23.393,22.526,21.6242,20.6892,19.7222,18.7248,17.6986,16.645,15.5658,14.4626,13.3371,12.191,11.0261,9.84422,8.64716,7.43676,6.2149,4.98346,3.74434,2.49944,1.25068,5.16254e-15,-1.25068,-2.49944,-3.74434,-4.98346,-6.2149,-7.43676,-8.64716,-9.84422,-11.0261,-12.191,-13.3371,-14.4626,-15.5658,-16.645,-17.6986,-18.7248,-19.7222,-20.6892,-21.6242,-22.526,-23.393,-24.2239,-25.0175,-25.7725,-26.4878,-27.1622,-27.7947,-28.3844,-28.9303,-29.4316,-29.8875,-30.2974,-30.6605,-30.9764,-31.2444,-31.4643,-31.6357,-31.7583,-31.832,-31.8565,-31.832,-31.7583,-31.6357,-31.4643,-31.2444,-30.9764,-30.6605,-30.2974,-29.8875,-29.4316,-28.9303,-28.3844,-27.7947,-27.1622,-26.4878,-25.7725,-25.0175,-24.2239,-23.393,-22.526,-21.6242,-20.6892,-19.7222,-18.7248,-17.6986,-16.645,-15.5658,-14.4626,-13.3371,-12.191,-11.0261,-9.84422,-8.64716,-7.43676,-6.2149,-4.98346,-3.74434,-2.49944,-1.25068,0
0,1.27722,2.55246,3.82377,5.08919,6.34676,7.59454,8.83061,10.0531,11.26,12.4496,13.62,14.7694,15.896,16.9981,18.074,19.1221,20.1406,21.1281,22.083,23.0039,23.8893,24.7378,25.5482,26.3193,27.0497,27.7384,28.3844,28.9866,29.5441,30.056,30.5216,30.9402,31.311,31.6335,31.9073,32.1319,32.3069,32.4321,32.5073,32.5324,32.5073,32.4321,32.3069,32.1319,31.9073,31.6335,31.311,30.9402,30.5216,30.056,29.5441,28.9866,28.3844,27.7384,27.0497,26.3193,25.5482,24.7378,23.8893,23.0039,22.083,21.1281,20.1406,19.1221,18.074,16.9981,15.896,14.7694,13.62,12.4496,11.26,10.0531,8.83061,7.59454,6.34676,5.08919,3.82377,2.55246,1.27722,4.44089e-15,-1.27722,-2.55246,-3.82377,-5.08919,-6.34676,-7.59454,-8.83061,-10.0531,-11.26,-12.4496,-13.62,-14.7694,-15.896,-16.9981,-18.074,-19.1221,-20.1406,-21.1281,-22.083,-23.0039,-23.8893,-24.7378,-25.5482,-26.3193,-27.0497,-27.7384,-28.3844,-28.9866,-29.5441,-30.056,-30.5216,-30.9402,-31.311,-31.6335,-31.9073,-32.1319,-32.3069,-32.4321,-32.5073,-32.5324,-32.5073,-32.4321,-32.3069,-32.1319,-31.9073,-31.6335,-31.311,-30.9402,-30.5216,-30.056,-29.5441,-28.9866,-28.3844,-27.7384,-27.0497,-26.3193,-25.5482,-24.7378,-23.8893,-23.0039,-22.083,-21.1281,-20.1406,-19.1221,-18.074,-16.9981,-15.896,-14.7694,-13.62,-12.4496,-11.26,-10.0531,-8.83061,-7.59454,-6.34676,-5.08919,-3.82377,-2.55246,-1.27722,0
0,1.30178,2.60155,3.89732,5.18707,6.46882,7.7406,9.00045,10.2464,11.4766,12.6891,13.882,15.0535,16.2018,17.3251,18.4217,19.4898,20.528,21.5345,22.5077,23.4463,24.3487,25.2136,26.0396,26.8255,27.57,28.2719,28.9303,29.5441,30.1123,30.6341,31.1086,31.5352,31.9132,32.2419,32.521,32.7499,32.9283,33.0559,33.1325,33.1581,33.1325,33.0559,32.9283,32.7499,32.521,32.2419,31.9132,31.5352,31.1086,30.6341,30.1123,29.5441,28.9303,28.2719,27.57,26.8255,26.0396,25.2136,24.3487,23.4463,22.5077,21.5345,20.528,19.4898,18.4217,17.3251,16.2018,15.0535,13.882,12.6891,11.4766,10.2464,9.00045,7.7406,6.46882,5.18707,3.89732,2.60155,1.30178,5.55112e-15,-1.30178,-2.60155,-3.89732,-5.18707,-6.46882,-7.7406,-9.00045,-10.2464,-11.4766,-12.6891,-13.882,-15.0535,-16.2018,-17.3251,-18.4217,-19.4898,-20.528,-21.5345,-22.5077,-23.4463,-24.3487,-25.2136,-26.0396,-26.8255,-27.57,-28.2719,-28.9303,-29.5441,-30.1123,-30.6341,-31.1086,-31.5352,-31.9132,-32.2419,-32.521,-32.7499,-32.9283,-33.0559,-33.1325,-33.1581,-33.1325,-33.0559,-32.9283,-32.7499,-32.521,-32.2419,-31.9132,-31.5352,-31.1086,-30.6341,-30.1123,-29.5441,-28.9303,-28.2719,-27.57,-26.8255,-26.0396,-25.2136,-24.3487,-23.4463,-22.5077,-21.5345,-20.528,-19.4898,-18.4217,-17.3251,-16.2018,-15.0535,-13.882,-12.6891,-11.4766,-10.2464,-9.00045,-7.7406,-6.46882,-5.18707,-3.89732,-2.60155,-1.30178,0
