0,0,0,0,0,0,0,0,0,0,0,0,0,0,0,0,0,0,0,0,0,0,0,0,0,0,0,0,0,0,0,0,0,0,0,0,0,0,0,0,0,0,0,0,0,0,0,0,0,0,0,0,0,0,0,0,0,0,0,0,0,0,0,0,0,0,0,0,0,0,0,0,0,0,0,0,0,0,0,0,0,0,0,0,0,0,0,0,0,0,0,0,0,0,0,0,0,0,0,0,0,0,0,0,0,0,0,0,0,0,0,0,0,0,0,0,0,0,0,0,0,0,0,0,0,0,0,0,0,0,0,0,0,0,0,0,0,0,0,0,0,0,0,0,0,0,0,0,0,0,0,0,0,0,0,0,0,0,0,0,0
0,5.44179e-05,0.000108752,0.000162918,0.000216833,0.000270414,0.000323578,0.000376243,0.000428327,0.000479752,0.000530436,0.000580303,0.000629275,0.000677276,0.000724234,0.000770074,0.000814727,0.000858124,0.000900198,0.000940884,0.000980118,0.00101784,0.001054,0.00108853,0.00112138,0.0011525,0.00118184,0.00120936,0.00123502,0.00125877,0.00128059,0.00130042,0.00131826,0.00133406,0.0013478,0.00135946,0.00136903,0.00137649,0.00138182,0.00138503,0.0013861,0.00138503,0.00138182,0.00137649,0.00136903,0.00135946,0.0013478,0.00133406,0.00131826,0.00130042,0.00128059,0.00125877,0.00123502,0.00120936,0.00118184,0.0011525,0.00112138,0.00108853,0.001054,0.00101784,0.000980118,0.000940884,0.000900198,0.000858124,0.000814727,0.000770074,0.000724234,0.000677276,0.000629275,0.000580303,0.000530436,0.000479752,0.000428327,0.000376243,0.000323578,0.000270414,0.000216833,0.000162918,0.000108752,5.44179e-05,-2.11589e-18,-5.44179e-05,-0.000108752,-0.000162918,-0.000216833,-0.000270414,-0.000323578,-0.000376243,-0.000428327,-0.000479752,-0.000530436,-0.000580303,-0.000629275,-0.000677276,-0.000724234,-0.000770074,-0.000814727,-0.000858124,-0.000900198,-0.000940884,-0.000980118,-0.00101784,-0.001054,-0.00108853,-0.00112138,-0.0011525,-0.00118184,-0.00120936,-0.00123502,-0.00125877,-0.00128059,-0.00130042,-0.00131826,-0.00133406,-0.0013478,-0.00135946,-0.00136903,-0.00137649,-0.00138182,-0.00138503,-0.0013861,-0.00138503,-0.00138182,-0.00137649,-0.00136903,-0.00135946,-0.0013478,-0.00133406,-0.00131826,-0.00130042,-0.00128059,-0.00125877,-0.00123502,-0.00120936,-0.00118184,-0.0011525,-0.00112138,-0.00108853,-0.001054,-0.00101784,-0.000980118,-0.000940884,-0.000900198,-0.000858124,-0.000814727,-0.000770074,-0.000724234,-0.000677276,-0.000629275,-0.000580303,-0.000530436,-0.000479752,-0.000428327,-0.000376243,-0.000323578,-0.000270414,-0.000216833,-0.000162918,-0.000108752,-5.44179e-05,0
0,0.000108752,0.000217336,0.000325585,0.000433332,0.000540411,0.000646657,0.000751905,0.000855995,0.000958764,0.00106005,0.00115971,0.00125758,0.00135351,0.00144735,0.00153896,0.0016282,0.00171493,0.00179901,0.00188032,0.00195873,0.00203411,0.00210637,0.00217537,0.00224102,0.00230322,0.00236186,0.00241686,0.00246814,0.00251561,0.0025592,0.00259884,0.00263448,0.00266606,0.00269352,0.00271683,0.00273595,0.00275086,0.00276152,0.00276792,0.00277006,0.00276792,0.00276152,0.00275086,0.00273595,0.00271683,0.00269352,0.00266606,0.00263448,0.00259884,0.0025592,0.00251561,0.00246814,0.00241686,0.00236186,0.00230322,0.00224102,0.00217537,0.00210637,0.00203411,0.00195873,0.00188032,0.00179901,0.00171493,0.0016282,0.00153896,0.00144735,0.00135351,0.00125758,0.00115971,0.00106005,0.000958764,0.000855995,0.000751905,0.000646657,0.000540411,0.000433332,0.000325585,0.000217336,0.000108752,2.57159e-18,-0.000108752,-0.000217336,-0.000325585,-0.000433332,-0.000540411,-0.000646657,-0.000751905,-0.000855995,-0.000958764,-0.00106005,-0.00115971,-0.00125758,-0.00135351,-0.00144735,-0.00153896,-0.0016282,-0.00171493,-0.00179901,-0.00188032,-0.00195873,-0.00203411,-0.00210637,-0.00217537,-0.00224102,-0.00230322,-0.00236186,-0.00241686,-0.00246814,-0.00251561,-0.0025592,-0.00259884,-0.00263448,-0.00266606,-0.00269352,-0.00271683,-0.00273595,-0.00275086,-0.00276152,-0.00276792,-0.00277006,-0.00276792,-0.00276152,-0.00275086,-0.00273595,-0.00271683,-0.00269352,-0.00266606,-0.00263448,-0.00259884,-0.0025592,-0.00251561,-0.00246814,-0.00241686,-0.00236186,-0.00230322,-0.00224102,-0.00217537,-0.00210637,-0.00203411,-0.00195873,-0.00188032,-0.00179901,-0.00171493,-0.0016282,-0.00153896,-0.00144735,-0.00135351,-0.00125758,-0.00115971,-0.00106005,-0.000958764,-0.000855995,-0.000751905,-0.000646657,-0.000540411,-0.000433332,-0.000325585,-0.000217336,-0.000108752,0
0,0.000162918,0.000325585,0.00048775,0.000649163,0.000809575,0.000968739,0.00112641,0.00128234,0.0014363,0.00158804,0.00173733,0.00188394,0.00202765,0.00216824,0.00230547,0.00243916,0.00256908,0.00269504,0.00281685,0.00293431,0.00304725,0.00315549,0.00325886,0.00335721,0.00345039,0.00353824,0.00362064,0.00369745,0.00376856,0.00383386,0.00389325,0.00394664,0.00399394,0.00403509,0.00407001,0.00409865,0.00412098,0.00413695,0.00414655,0.00414974,0.00414655,0.00413695,0.00412098,0.00409865,0.00407001,0.00403509,0.00399394,0.00394664,0.00389325,0.00383386,0.00376856,0.00369745,0.00362064,0.00353824,0.00345039,0.00335721,0.00325886,0.00315549,0.00304725,0.00293431,0.00281685,0.00269504,0.00256908,0.00243916,0.00230547,0.00216824,0.00202765,0.00188394,0.00173733,0.00158804,0.0014363,0.00128234,0.00112641,0.000968739,0.000809575,0.000649163,0.00048775,0.000325585,0.000162918,-6.37646e-18,-0.000162918,-0.000325585,-0.00048775,-0.000649163,-0.000809575,-0.000968739,-0.00112641,-0.00128234,-0.0014363,-0.00158804,-0.00173733,-0.00188394,-0.00202765,-0.00216824,-0.00230547,-0.00243916,-0.00256908,-0.00269504,-0.00281685,-0.00293431,-0.00304725,-0.00315549,-0.00325886,-0.00335721,-0.00345039,-0.00353824,-0.00362064,-0.00369745,-0.00376856,-0.00383386,-0.00389325,-0.00394664,-0.00399394,-0.00403509,-0.00407001,-0.00409865,-0.00412098,-0.00413695,-0.00414655,-0.00414974,-0.00414655,-0.00413695,-0.00412098,-0.00409865,-0.00407001,-0.00403509,-0.00399394,-0.00394664,-0.00389325,-0.00383386,-0.00376856,-0.00369745,-0.00362064,-0.00353824,-0.00345039,-0.00335721,-0.00325886,-0.00315549,-0.00304725,-0.00293431,-0.00281685,-0.00269504,-0.00256908,-0.00243916,-0.00230547,-0.00216824,-0.00202765,-0.00188394,-0.00173733,-0.00158804,-0.0014363,-0.00128234,-0.00112641,-0.000968739,-0.000809575,-0.000649163,-0.00048775,-0.000325585,-0.000162918,0
0,0.000216833,0.000433332,0.000649163,0.000863993,0.00107749,0.00128933,0.00149917,0.00170671,0.00191162,0.00211357,0.00231227,0.00250741,0.00269867,0.00288578,0.00306843,0.00324636,0.00341928,0.00358692,0.00374904,0.00390538,0.00405569,0.00419975,0.00433733,0.00446823,0.00459224,0.00470916,0.00481883,0.00492106,0.00501571,0.00510262,0.00518166,0.00525272,0.00531567,0.00537043,0.00541691,0.00545504,0.00548475,0.00550601,0.00551878,0.00552303,0.00551878,0.00550601,0.00548475,0.00545504,0.00541691,0.00537043,0.00531567,0.00525272,0.00518166,0.00510262,0.00501571,0.00492106,0.00481883,0.00470916,0.00459224,0.00446823,0.00433733,0.00419975,0.00405569,0.00390538,0.00374904,0.00358692,0.00341928,0.00324636,0.00306843,0.00288578,0.00269867,0.00250741,0.00231227,0.00211357,0.00191162,0.00170671,0.00149917,0.00128933,0.00107749,0.000863993,0.000649163,0.000433332,0.000216833,5.13641e-18,-0.000216833,-0.000433332,-0.000649163,-0.000863993,-0.00107749,-0.00128933,-0.00149917,-0.00170671,-0.00191162,-0.00211357,-0.00231227,-0.00250741,-0.00269867,-0.00288578,-0.00306843,-0.00324636,-0.00341928,-0.00358692,-0.00374904,-0.00390538,-0.00405569,-0.00419975,-0.00433733,-0.00446823,-0.00459224,-0.00470916,-0.00481883,-0.00492106,-0.00501571,-0.00510262,-0.00518166,-0.00525272,-0.00531567,-0.00537043,-0.00541691,-0.00545504,-0.00548475,-0.00550601,-0.00551878,-0.00552303,-0.00551878,-0.00550601,-0.00548475,-0.00545504,-0.00541691,-0.00537043,-0.00531567,-0.00525272,-0.00518166,-0.00510262,-0.00501571,-0.00492106,-0.00481883,-0.00470916,-0.00459224,-0.00446823,-0.00433733,-0.00419975,-0.00405569,-0.00390538,-0.00374904,-0.00358692,-0.00341928,-0.00324636,-0.00306843,-0.00288578,-0.00269867,-0.00250741,-0.00231227,-0.00211357,-0.00191162,-0.00170671,-0.00149917,-0.00128933,-0.00107749,-0.000863993,-0.000649163,-0.000433332,-0.000216833,0
0,0.000270414,0.000540411,0.000809575,0.00107749,0.00134374,0.00160793,0.00186963,0.00212845,0.00238399,0.00263585,0.00288365,0.003127,0.00336553,0.00359887,0.00382666,0.00404855,0.0042642,0.00447327,0.00467545,0.00487042,0.00505787,0.00523753,0.00540911,0.00557235,0.005727,0.00587282,0.00600959,0.00613708,0.00625512,0.0063635,0.00646208,0.00655069,0.00662921,0.0066975,0.00675546,0.00680301,0.00684006,0.00686658,0.0068825,0.00688781,0.0068825,0.00686658,0.00684006,0.00680301,0.00675546,0.0066975,0.00662921,0.00655069,0.00646208,0.0063635,0.00625512,0.00613708,0.00600959,0.00587282,0.005727,0.00557235,0.00540911,0.00523753,0.00505787,0.00487042,0.00467545,0.00447327,0.0042642,0.00404855,0.00382666,0.00359887,0.00336553,0.003127,0.00288365,0.00263585,0.00238399,0.00212845,0.00186963,0.00160793,0.00134374,0.00107749,0.000809575,0.000540411,0.000270414,-1.06523e-17,-0.000270414,-0.000540411,-0.000809575,-0.00107749,-0.00134374,-0.00160793,-0.00186963,-0.00212845,-0.00238399,-0.00263585,-0.00288365,-0.003127,-0.00336553,-0.00359887,-0.00382666,-0.00404855,-0.0042642,-0.00447327,-0.00467545,-0.00487042,-0.00505787,-0.00523753,-0.00540911,-0.00557235,-0.005727,-0.00587282,-0.00600959,-0.00613708,-0.00625512,-0.0063635,-0.00646208,-0.00655069,-0.00662921,-0.0066975,-0.00675546,-0.00680301,-0.00684006,-0.00686658,-0.0068825,-0.00688781,-0.0068825,-0.00686658,-0.00684006,-0.00680301,-0.00675546,-0.0066975,-0.00662921,-0.00655069,-0.00646208,-0.0063635,-0.00625512,-0.00613708,-0.00600959,-0.00587282,-0.005727,-0.00557235,-0.00540911,-0.00523753,-0.00505787,-0.00487042,-0.00467545,-0.00447327,-0.0042642,-0.00404855,-0.00382666,-0.00359887,-0.00336553,-0.003127,-0.00288365,-0.00263585,-0.00238399,-0.00212845,-0.00186963,-0.00160793,-0.00134374,-0.00107749,-0.000809575,-0.000540411,-0.000270414,0
0,0.000323578,0.000646657,0.000968739,0.00128933,0.00160793,0.00192405,0.0022372,0.00254691,0.00285268,0.00315406,0.00345058,0.00374177,0.0040272,0.00430641,0.00457899,0.0048445,0.00510255,0.00535273,0.00559465,0.00582795,0.00605226,0.00626724,0.00647255,0.00666789,0.00685294,0.00702743,0.00719108,0.00734364,0.00748488,0.00761458,0.00773254,0.00783857,0.00793252,0.00801424,0.00808359,0.00814049,0.00818483,0.00821655,0.00823561,0.00824196,0.00823561,0.00821655,0.00818483,0.00814049,0.00808359,0.00801424,0.00793252,0.00783857,0.00773254,0.00761458,0.00748488,0.00734364,0.00719108,0.00702743,0.00685294,0.00666789,0.00647255,0.00626724,0.00605226,0.00582795,0.00559465,0.00535273,0.00510255,0.0048445,0.00457899,0.00430641,0.0040272,0.00374177,0.00345058,0.00315406,0.00285268,0.00254691,0.0022372,0.00192405,0.00160793,0.00128933,0.000968739,0.000646657,0.000323578,7.67073e-18,-0.000323578,-0.000646657,-0.000968739,-0.00128933,-0.00160793,-0.00192405,-0.0022372,-0.00254691,-0.00285268,-0.00315406,-0.00345058,-0.00374177,-0.0040272,-0.00430641,-0.00457899,-0.0048445,-0.00510255,-0.00535273,-0.00559465,-0.00582795,-0.00605226,-0.00626724,-0.00647255,-0.00666789,-0.00685294,-0.00702743,-0.00719108,-0.00734364,-0.00748488,-0.00761458,-0.00773254,-0.00783857,-0.00793252,-0.00801424,-0.00808359,-0.00814049,-0.00818483,-0.00821655,-0.00823561,-0.00824196,-0.00823561,-0.00821655,-0.00818483,-0.00814049,-0.00808359,-0.00801424,-0.00793252,-0.00783857,-0.00773254,-0.00761458,-0.00748488,-0.00734364,-0.00719108,-0.00702743,-0.00685294,-0.00666789,-0.00647255,-0.00626724,-0.00605226,-0.00582795,-0.00559465,-0.00535273,-0.00510255,-0.0048445,-0.00457899,-0.00430641,-0.0040272,-0.00374177,-0.00345058,-0.00315406,-0.00285268,-0.00254691,-0.0022372,-0.00192405,-0.00160793,-0.00128933,-0.000968739,-0.000646657,-0.000323578,0
0,0.000376243,0.000751905,0.00112641,0.00149917,0.00186963,0.0022372,0.00260132,0.00296144,0.00331698,0.00366741,0.00401219,0.00435078,0.00468266,0.00500732,0.00532426,0.00563298,0.00593303,0.00622392,0.00650522,0.00677649,0.00703731,0.00728728,0.00752601,0.00775314,0.00796831,0.0081712,0.00836148,0.00853888,0.0087031,0.00885391,0.00899107,0.00911436,0.0092236,0.00931862,0.00939926,0.00946542,0.00951698,0.00955386,0.00957602,0.00958341,0.00957602,0.00955386,0.00951698,0.00946542,0.00939926,0.00931862,0.0092236,0.00911436,0.00899107,0.00885391,0.0087031,0.00853888,0.00836148,0.0081712,0.00796831,0.00775314,0.00752601,0.00728728,0.00703731,0.00677649,0.00650522,0.00622392,0.00593303,0.00563298,0.00532426,0.00500732,0.00468266,0.00435078,0.00401219,0.00366741,0.00331698,0.00296144,0.00260132,0.0022372,0.00186963,0.00149917,0.00112641,0.000751905,0.000376243,-1.49078e-17,-0.000376243,-0.000751905,-0.00112641,-0.00149917,-0.00186963,-0.0022372,-0.00260132,-0.00296144,-0.00331698,-0.00366741,-0.00401219,-0.00435078,-0.00468266,-0.00500732,-0.00532426,-0.00563298,-0.00593303,-0.00622392,-0.00650522,-0.00677649,-0.00703731,-0.00728728,-0.00752601,-0.00775314,-0.00796831,-0.0081712,-0.00836148,-0.00853888,-0.0087031,-0.00885391,-0.00899107,-0.00911436,-0.0092236,-0.00931862,-0.00939926,-0.00946542,-0.00951698,-0.00955386,-0.00957602,-0.00958341,-0.00957602,-0.00955386,-0.00951698,-0.00946542,-0.00939926,-0.00931862,-0.0092236,-0.00911436,-0.00899107,-0.00885391,-0.0087031,-0.00853888,-0.00836148,-0.0081712,-0.00796831,-0.00775314,-0.00752601,-0.00728728,-0.00703731,-0.00677649,-0.00650522,-0.00622392,-0.00593303,-0.00563298,-0.00532426,-0.00500732,-0.00468266,-0.00435078,-0.00401219,-0.00366741,-0.00331698,-0.00296144,-0.00260132,-0.0022372,-0.00186963,-0.00149917,-0.00112641,-0.000751905,-0.000376243,0
0,0.000428327,0.000855995,0.00128234,0.00170671,0.00212845,0.00254691,0.00296144,0.0033714,0.00377616,0.0041751,0.00456761,0.00495307,0.00533089,0.0057005,0.00606131,0.00641278,0.00675436,0.00708553,0.00740577,0.00771459,0.00801151,0.00829609,0.00856787,0.00882643,0.00907139,0.00930237,0.009519,0.00972095,0.00990791,0.0100796,0.0102357,0.0103761,0.0105005,0.0106086,0.0107004,0.0107758,0.0108344,0.0108764,0.0109017,0.0109101,0.0109017,0.0108764,0.0108344,0.0107758,0.0107004,0.0106086,0.0105005,0.0103761,0.0102357,0.0100796,0.00990791,0.00972095,0.009519,0.00930237,0.00907139,0.00882643,0.00856787,0.00829609,0.00801151,0.00771459,0.00740577,0.00708553,0.00675436,0.00641278,0.00606131,0.0057005,0.00533089,0.00495307,0.00456761,0.0041751,0.00377616,0.0033714,0.00296144,0.00254691,0.00212845,0.00170671,0.00128234,0.000855995,0.000428327,1.01779e-17,-0.000428327,-0.000855995,-0.00128234,-0.00170671,-0.00212845,-0.00254691,-0.00296144,-0.0033714,-0.00377616,-0.0041751,-0.00456761,-0.00495307,-0.00533089,-0.0057005,-0.00606131,-0.00641278,-0.00675436,-0.00708553,-0.00740577,-0.00771459,-0.00801151,-0.00829609,-0.00856787,-0.00882643,-0.00907139,-0.00930237,-0.009519,-0.00972095,-0.00990791,-0.0100796,-0.0102357,-0.0103761,-0.0105005,-0.0106086,-0.0107004,-0.0107758,-0.0108344,-0.0108764,-0.0109017,-0.0109101,-0.0109017,-0.0108764,-0.0108344,-0.0107758,-0.0107004,-0.0106086,-0.0105005,-0.0103761,-0.0102357,-0.0100796,-0.00990791,-0.00972095,-0.009519,-0.00930237,-0.00907139,-0.00882643,-0.00856787,-0.00829609,-0.00801151,-0.00771459,-0.00740577,-0.00708553,-0.00675436,-0.00641278,-0.00606131,-0.0057005,-0.00533089,-0.00495307,-0.00456761,-0.0041751,-0.00377616,-0.0033714,-0.00296144,-0.00254691,-0.00212845,-0.00170671,-0.00128234,-0.000855995,-0.000428327,0
0,0.000479752,0.000958764,0.0014363,0.00191162,0.00238399,0.00285268,0.00331698,0.00377616,0.00422952,0.00467636,0.00511599,0.00554773,0.00597091,0.00638489,0.00678902,0.00718269,0.00756528,0.0079362,0.00829489,0.00864079,0.00897336,0.0092921,0.00959651,0.00988612,0.0101605,0.0104192,0.0106618,0.010888,0.0110974,0.0112897,0.0114646,0.0116218,0.0117611,0.0118823,0.0119851,0.0120695,0.0121352,0.0121822,0.0122105,0.0122199,0.0122105,0.0121822,0.0121352,0.0120695,0.0119851,0.0118823,0.0117611,0.0116218,0.0114646,0.0112897,0.0110974,0.010888,0.0106618,0.0104192,0.0101605,0.00988612,0.00959651,0.0092921,0.00897336,0.00864079,0.00829489,0.0079362,0.00756528,0.00718269,0.00678902,0.00638489,0.00597091,0.00554773,0.00511599,0.00467636,0.00422952,0.00377616,0.00331698,0.00285268,0.00238399,0.00191162,0.0014363,0.000958764,0.000479752,-1.91497e-17,-0.000479752,-0.000958764,-0.0014363,-0.00191162,-0.00238399,-0.00285268,-0.00331698,-0.00377616,-0.00422952,-0.00467636,-0.00511599,-0.00554773,-0.00597091,-0.00638489,-0.00678902,-0.00718269,-0.00756528,-0.0079362,-0.00829489,-0.00864079,-0.00897336,-0.0092921,-0.00959651,-0.00988612,-0.0101605,-0.0104192,-0.0106618,-0.010888,-0.0110974,-0.0112897,-0.0114646,-0.0116218,-0.0117611,-0.0118823,-0.0119851,-0.0120695,-0.0121352,-0.0121822,-0.0122105,-0.0122199,-0.0122105,-0.0121822,-0.0121352,-0.0120695,-0.0119851,-0.0118823,-0.0117611,-0.0116218,-0.0114646,-0.0112897,-0.0110974,-0.010888,-0.0106618,-0.0104192,-0.0101605,-0.00988612,-0.00959651,-0.0092921,-0.00897336,-0.00864079,-0.00829489,-0.0079362,-0.00756528,-0.00718269,-0.00678902,-0.00638489,-0.00597091,-0.00554773,-0.00511599,-0.00467636,-0.00422952,-0.00377616,-0.00331698,-0.00285268,-0.00238399,-0.00191162,-0.0014363,-0.000958764,-0.000479752,0
0,0.000530436,0.00106005,0.00158804,0.00211357,0.00263585,0.00315406,0.00366741,0.0041751,0.00467636,0.00517041,0.00565648,0.00613383,0.00660172,0.00705944,0.00750627,0.00794152,0.00836453,0.00877464,0.00917122,0.00955366,0.00992137,0.0102738,0.0106104,0.0109306,0.0112339,0.01152,0.0117882,0.0120383,0.0122699,0.0124825,0.0126758,0.0128497,0.0130037,0.0131376,0.0132513,0.0133446,0.0134173,0.0134693,0.0135005,0.0135109,0.0135005,0.0134693,0.0134173,0.0133446,0.0132513,0.0131376,0.0130037,0.0128497,0.0126758,0.0124825,0.0122699,0.0120383,0.0117882,0.01152,0.0112339,0.0109306,0.0106104,0.0102738,0.00992137,0.00955366,0.00917122,0.00877464,0.00836453,0.00794152,0.00750627,0.00705944,0.00660172,0.00613383,0.00565648,0.00517041,0.00467636,0.0041751,0.00366741,0.00315406,0.00263585,0.00211357,0.00158804,0.00106005,0.000530436,1.26581e-17,-0.000530436,-0.00106005,-0.00158804,-0.00211357,-0.00263585,-0.00315406,-0.00366741,-0.0041751,-0.00467636,-0.00517041,-0.00565648,-0.00613383,-0.00660172,-0.00705944,-0.00750627,-0.00794152,-0.00836453,-0.00877464,-0.00917122,-0.00955366,-0.00992137,-0.0102738,-0.0106104,-0.0109306,-0.0112339,-0.01152,-0.0117882,-0.0120383,-0.0122699,-0.0124825,-0.0126758,-0.0128497,-0.0130037,-0.0131376,-0.0132513,-0.0133446,-0.0134173,-0.0134693,-0.0135005,-0.0135109,-0.0135005,-0.0134693,-0.0134173,-0.0133446,-0.0132513,-0.0131376,-0.0130037,-0.0128497,-0.0126758,-0.0124825,-0.0122699,-0.0120383,-0.0117882,-0.01152,-0.0112339,-0.0109306,-0.0106104,-0.0102738,-0.00992137,-0.00955366,-0.00917122,-0.00877464,-0.00836453,-0.00794152,-0.00750627,-0.00705944,-0.00660172,-0.00613383,-0.00565648,-0.00517041,-0.00467636,-0.0041751,-0.00366741,-0.00315406,-0.00263585,-0.00211357,-0.00158804,-0.00106005,-0.000530436,0
0,0.000580303,0.00115971,0.00173733,0.00231227,0.00288365,0.00345058,0.00401219,0.00456761,0.00511599,0.00565648,0.00618825,0.00671048,0.00722236,0.0077231,0.00821193,0.00868811,0.00915088,0.00959955,0.0100334,0.0104518,0.0108541,0.0112396,0.0116078,0.0119582,0.01229,0.012603,0.0128964,0.01317,0.0134233,0.0136559,0.0138675,0.0140577,0.0142261,0.0143727,0.0144971,0.0145991,0.0146786,0.0147355,0.0147697,0.0147811,0.0147697,0.0147355,0.0146786,0.0145991,0.0144971,0.0143727,0.0142261,0.0140577,0.0138675,0.0136559,0.0134233,0.01317,0.0128964,0.012603,0.01229,0.0119582,0.0116078,0.0112396,0.0108541,0.0104518,0.0100334,0.00959955,0.00915088,0.00868811,0.00821193,0.0077231,0.00722236,0.00671048,0.00618825,0.00565648,0.00511599,0.00456761,0.00401219,0.00345058,0.00288365,0.00231227,0.00173733,0.00115971,0.000580303,-2.3473e-17,-0.000580303,-0.00115971,-0.00173733,-0.00231227,-0.00288365,-0.00345058,-0.00401219,-0.00456761,-0.00511599,-0.00565648,-0.00618825,-0.00671048,-0.00722236,-0.0077231,-0.00821193,-0.00868811,-0.00915088,-0.00959955,-0.0100334,-0.0104518,-0.0108541,-0.0112396,-0.0116078,-0.0119582,-0.01229,-0.012603,-0.0128964,-0.01317,-0.0134233,-0.0136559,-0.0138675,-0.0140577,-0.0142261,-0.0143727,-0.0144971,-0.0145991,-0.0146786,-0.0147355,-0.0147697,-0.0147811,-0.0147697,-0.0147355,-0.0146786,-0.0145991,-0.0144971,-0.0143727,-0.0142261,-0.0140577,-0.0138675,-0.0136559,-0.0134233,-0.01317,-0.0128964,-0.012603,-0.01229,-0.0119582,-0.0116078,-0.0112396,-0.0108541,-0.0104518,-0.0100334,-0.00959955,-0.00915088,-0.00868811,-0.00821193,-0.0077231,-0.00722236,-0.00671048,-0.00618825,-0.00565648,-0.00511599,-0.00456761,-0.00401219,-0.00345058,-0.00288365,-0.00231227,-0.00173733,-0.00115971,-0.000580303,0
0,0.000629275,0.00125758,0.00188394,0.00250741,0.003127,0.00374177,0.00435078,0.00495307,0.00554773,0.00613383,0.00671048,0.00727677,0.00783185,0.00837485,0.00890494,0.0094213,0.00992313,0.0104097,0.0108801,0.0113338,0.0117701,0.0121881,0.0125874,0.0129673,0.0133272,0.0136665,0.0139848,0.0142815,0.0145561,0.0148084,0.0150378,0.015244,0.0154267,0.0155856,0.0157205,0.0158311,0.0159174,0.0159791,0.0160161,0.0160285,0.0160161,0.0159791,0.0159174,0.0158311,0.0157205,0.0155856,0.0154267,0.015244,0.0150378,0.0148084,0.0145561,0.0142815,0.0139848,0.0136665,0.0133272,0.0129673,0.0125874,0.0121881,0.0117701,0.0113338,0.0108801,0.0104097,0.00992313,0.0094213,0.00890494,0.00837485,0.00783185,0.00727677,0.00671048,0.00613383,0.00554773,0.00495307,0.00435078,0.00374177,0.003127,0.00250741,0.00188394,0.00125758,0.000629275,1.51517e-17,-0.000629275,-0.00125758,-0.00188394,-0.00250741,-0.003127,-0.00374177,-0.00435078,-0.00495307,-0.00554773,-0.00613383,-0.00671048,-0.00727677,-0.00783185,-0.00837485,-0.00890494,-0.0094213,-0.00992313,-0.0104097,-0.0108801,-0.0113338,-0.0117701,-0.0121881,-0.0125874,-0.0129673,-0.0133272,-0.0136665,-0.0139848,-0.0142815,-0.0145561,-0.0148084,-0.0150378,-0.015244,-0.0154267,-0.0155856,-0.0157205,-0.0158311,-0.0159174,-0.0159791,-0.0160161,-0.0160285,-0.0160161,-0.0159791,-0.0159174,-0.0158311,-0.0157205,-0.0155856,-0.0154267,-0.015244,-0.0150378,-0.0148084,-0.0145561,-0.0142815,-0.0139848,-0.0136665,-0.0133272,-0.0129673,-0.0125874,-0.0121881,-0.0117701,-0.0113338,-0.0108801,-0.0104097,-0.00992313,-0.0094213,-0.00890494,-0.00837485,-0.00783185,-0.00727677,-0.00671048,-0.00613383,-0.00554773,-0.00495307,-0.00435078,-0.00374177,-0.003127,-0.00250741,-0.00188394,-0.00125758,-0.000629275,0
0,0.000677276,0.00135351,0.00202765,0.00269867,0.00336553,0.0040272,0.00468266,0.00533089,0.00597091,0.00660172,0.00722236,0.00783185,0.00842927,0.00901369,0.00958422,0.01014,0.0106801,0.0112037,0.0117101,0.0121984,0.0126679,0.0131179,0.0135476,0.0139565,0.0143438,0.014709,0.0150515,0.0153709,0.0156665,0.015938,0.0161849,0.0164068,0.0166034,0.0167745,0.0169197,0.0170387,0.0171316,0.017198,0.0172378,0.0172511,0.0172378,0.017198,0.0171316,0.0170387,0.0169197,0.0167745,0.0166034,0.0164068,0.0161849,0.015938,0.0156665,0.0153709,0.0150515,0.014709,0.0143438,0.0139565,0.0135476,0.0131179,0.0126679,0.0121984,0.0117101,0.0112037,0.0106801,0.01014,0.00958422,0.00901369,0.00842927,0.00783185,0.00722236,0.00660172,0.00597091,0.00533089,0.00468266,0.0040272,0.00336553,0.00269867,0.00202765,0.00135351,0.000677276,-2.77556e-17,-0.000677276,-0.00135351,-0.00202765,-0.00269867,-0.00336553,-0.0040272,-0.00468266,-0.00533089,-0.00597091,-0.00660172,-0.00722236,-0.00783185,-0.00842927,-0.00901369,-0.00958422,-0.01014,-0.0106801,-0.0112037,-0.0117101,-0.0121984,-0.0126679,-0.0131179,-0.0135476,-0.0139565,-0.0143438,-0.014709,-0.0150515,-0.0153709,-0.0156665,-0.015938,-0.0161849,-0.0164068,-0.0166034,-0.0167745,-0.0169197,-0.0170387,-0.0171316,-0.017198,-0.0172378,-0.0172511,-0.0172378,-0.017198,-0.0171316,-0.0170387,-0.0169197,-0.0167745,-0.0166034,-0.0164068,-0.0161849,-0.015938,-0.0156665,-0.0153709,-0.0150515,-0.014709,-0.0143438,-0.0139565,-0.0135476,-0.0131179,-0.0126679,-0.0121984,-0.0117101,-0.0112037,-0.0106801,-0.01014,-0.00958422,-0.00901369,-0.00842927,-0.00783185,-0.00722236,-0.00660172,-0.00597091,-0.00533089,-0.00468266,-0.0040272,-0.00336553,-0.00269867,-0.00202765,-0.00135351,-0.000677276,0
0,0.000724234,0.00144735,0.00216824,0.00288578,0.00359887,0.00430641,0.00500732,0.0057005,0.00638489,0.00705944,0.0077231,0.00837485,0.00901369,0.00963863,0.0102487,0.010843,0.0114205,0.0119805,0.012522,0.0130441,0.0135462,0.0140274,0.0144869,0.0149241,0.0153383,0.0157288,0.0160951,0.0164366,0.0167527,0.017043,0.017307,0.0175443,0.0177546,0.0179375,0.0180927,0.0182201,0.0183193,0.0183903,0.018433,0.0184472,0.018433,0.0183903,0.0183193,0.0182201,0.0180927,0.0179375,0.0177546,0.0175443,0.017307,0.017043,0.0167527,0.0164366,0.0160951,0.0157288,0.0153383,0.0149241,0.0144869,0.0140274,0.0135462,0.0130441,0.012522,0.0119805,0.0114205,0.010843,0.0102487,0.00963863,0.00901369,0.00837485,0.0077231,0.00705944,0.00638489,0.0057005,0.00500732,0.00430641,0.00359887,0.00288578,0.00216824,0.00144735,0.000724234,1.74557e-17,-0.000724234,-0.00144735,-0.00216824,-0.00288578,-0.00359887,-0.00430641,-0.00500732,-0.0057005,-0.00638489,-0.00705944,-0.0077231,-0.00837485,-0.00901369,-0.00963863,-0.0102487,-0.010843,-0.0114205,-0.0119805,-0.012522,-0.0130441,-0.0135462,-0.0140274,-0.0144869,-0.0149241,-0.0153383,-0.0157288,-0.0160951,-0.0164366,-0.0167527,-0.017043,-0.017307,-0.0175443,-0.0177546,-0.0179375,-0.0180927,-0.0182201,-0.0183193,-0.0183903,-0.018433,-0.0184472,-0.018433,-0.0183903,-0.0183193,-0.0182201,-0.0180927,-0.0179375,-0.0177546,-0.0175443,-0.017307,-0.017043,-0.0167527,-0.0164366,-0.0160951,-0.0157288,-0.0153383,-0.0149241,-0.0144869,-0.0140274,-0.0135462,-0.0130441,-0.012522,-0.0119805,-0.0114205,-0.010843,-0.0102487,-0.00963863,-0.00901369,-0.00837485,-0.0077231,-0.00705944,-0.00638489,-0.0057005,-0.00500732,-0.00430641,-0.00359887,-0.00288578,-0.00216824,-0.00144735,-0.000724234,0
0,0.000770074,0.00153896,0.00230547,0.00306843,0.00382666,0.00457899,0.00532426,0.00606131,0.00678902,0.00750627,0.00821193,0.00890494,0.00958422,0.0102487,0.0108974,0.0115293,0.0121434,0.0127388,0.0133146,0.0138698,0.0144036,0.0149152,0.0154038,0.0158687,0.0163091,0.0167244,0.0171139,0.0174769,0.0178131,0.0181217,0.0184025,0.0186548,0.0188784,0.0190729,0.0192379,0.0193733,0.0194789,0.0195544,0.0195997,0.0196148,0.0195997,0.0195544,0.0194789,0.0193733,0.0192379,0.0190729,0.0188784,0.0186548,0.0184025,0.0181217,0.0178131,0.0174769,0.0171139,0.0167244,0.0163091,0.0158687,0.0154038,0.0149152,0.0144036,0.0138698,0.0133146,0.0127388,0.0121434,0.0115293,0.0108974,0.0102487,0.00958422,0.00890494,0.00821193,0.00750627,0.00678902,0.00606131,0.00532426,0.00457899,0.00382666,0.00306843,0.00230547,0.00153896,0.000770074,-3.20924e-17,-0.000770074,-0.00153896,-0.00230547,-0.00306843,-0.00382666,-0.00457899,-0.00532426,-0.00606131,-0.00678902,-0.00750627,-0.00821193,-0.00890494,-0.00958422,-0.0102487,-0.0108974,-0.0115293,-0.0121434,-0.0127388,-0.0133146,-0.0138698,-0.0144036,-0.0149152,-0.0154038,-0.0158687,-0.0163091,-0.0167244,-0.0171139,-0.0174769,-0.0178131,-0.0181217,-0.0184025,-0.0186548,-0.0188784,-0.0190729,-0.0192379,-0.0193733,-0.0194789,-0.0195544,-0.0195997,-0.0196148,-0.0195997,-0.0195544,-0.0194789,-0.0193733,-0.0192379,-0.0190729,-0.0188784,-0.0186548,-0.0184025,-0.0181217,-0.0178131,-0.0174769,-0.0171139,-0.0167244,-0.0163091,-0.0158687,-0.0154038,-0.0149152,-0.0144036,-0.0138698,-0.0133146,-0.0127388,-0.0121434,-0.0115293,-0.0108974,-0.0102487,-0.00958422,-0.00890494,-0.00821193,-0.00750627,-0.00678902,-0.00606131,-0.00532426,-0.00457899,-0.00382666,-0.00306843,-0.00230547,-0.00153896,-0.000770074,0
0,0.000814727,0.0016282,0.00243916,0.00324636,0.00404855,0.0048445,0.00563298,0.00641278,0.00718269,0.00794152,0.00868811,0.0094213,0.01014,0.010843,0.0115293,0.0121978,0.0128476,0.0134775,0.0140866,0.014674,0.0152388,0.0157801,0.016297,0.0167889,0.0172548,0.0176942,0.0181062,0.0184903,0.018846,0.0191725,0.0194695,0.0197365,0.0199731,0.0201788,0.0203534,0.0204967,0.0206083,0.0206882,0.0207362,0.0207522,0.0207362,0.0206882,0.0206083,0.0204967,0.0203534,0.0201788,0.0199731,0.0197365,0.0194695,0.0191725,0.018846,0.0184903,0.0181062,0.0176942,0.0172548,0.0167889,0.016297,0.0157801,0.0152388,0.014674,0.0140866,0.0134775,0.0128476,0.0121978,0.0115293,0.010843,0.01014,0.0094213,0.00868811,0.00794152,0.00718269,0.00641278,0.00563298,0.0048445,0.00404855,0.00324636,0.00243916,0.0016282,0.000814727,1.97325e-17,-0.000814727,-0.0016282,-0.00243916,-0.00324636,-0.00404855,-0.0048445,-0.00563298,-0.00641278,-0.00718269,-0.00794152,-0.00868811,-0.0094213,-0.01014,-0.010843,-0.0115293,-0.0121978,-0.0128476,-0.0134775,-0.0140866,-0.014674,-0.0152388,-0.0157801,-0.016297,-0.0167889,-0.0172548,-0.0176942,-0.0181062,-0.0184903,-0.018846,-0.0191725,-0.0194695,-0.0197365,-0.0199731,-0.0201788,-0.0203534,-0.0204967,-0.0206083,-0.0206882,-0.0207362,-0.0207522,-0.0207362,-0.0206882,-0.0206083,-0.0204967,-0.0203534,-0.0201788,-0.0199731,-0.0197365,-0.0194695,-0.0191725,-0.018846,-0.0184903,-0.0181062,-0.0176942,-0.0172548,-0.0167889,-0.016297,-0.0157801,-0.0152388,-0.014674,-0.0140866,-0.0134775,-0.0128476,-0.0121978,-0.0115293,-0.010843,-0.01014,-0.0094213,-0.00868811,-0.00794152,-0.00718269,-0.00641278,-0.00563298,-0.0048445,-0.00404855,-0.00324636,-0.00243916,-0.0016282,-0.000814727,0
0,0.000858124,0.00171493,0.00256908,0.00341928,0.0042642,0.00510255,0.00593303,0.00675436,0.00756528,0.00836453,0.00915088,0.00992313,0.0106801,0.0114205,0.0121434,0.0128476,0.0135319,0.0141954,0.0148369,0.0154556,0.0160505,0.0166206,0.0171651,0.0176831,0.0181739,0.0186366,0.0190706,0.0194752,0.0198498,0.0201938,0.0205066,0.0207878,0.0210369,0.0212536,0.0214376,0.0215885,0.0217061,0.0217902,0.0218407,0.0218576,0.0218407,0.0217902,0.0217061,0.0215885,0.0214376,0.0212536,0.0210369,0.0207878,0.0205066,0.0201938,0.0198498,0.0194752,0.0190706,0.0186366,0.0181739,0.0176831,0.0171651,0.0166206,0.0160505,0.0154556,0.0148369,0.0141954,0.0135319,0.0128476,0.0121434,0.0114205,0.0106801,0.00992313,0.00915088,0.00836453,0.00756528,0.00675436,0.00593303,0.00510255,0.0042642,0.00341928,0.00256908,0.00171493,0.000858124,-3.64292e-17,-0.000858124,-0.00171493,-0.00256908,-0.00341928,-0.0042642,-0.00510255,-0.00593303,-0.00675436,-0.00756528,-0.00836453,-0.00915088,-0.00992313,-0.0106801,-0.0114205,-0.0121434,-0.0128476,-0.0135319,-0.0141954,-0.0148369,-0.0154556,-0.0160505,-0.0166206,-0.0171651,-0.0176831,-0.0181739,-0.0186366,-0.0190706,-0.0194752,-0.0198498,-0.0201938,-0.0205066,-0.0207878,-0.0210369,-0.0212536,-0.0214376,-0.0215885,-0.0217061,-0.0217902,-0.0218407,-0.0218576,-0.0218407,-0.0217902,-0.0217061,-0.0215885,-0.0214376,-0.0212536,-0.0210369,-0.0207878,-0.0205066,-0.0201938,-0.0198498,-0.0194752,-0.0190706,-0.0186366,-0.0181739,-0.0176831,-0.0171651,-0.0166206,-0.0160505,-0.0154556,-0.0148369,-0.0141954,-0.0135319,-0.0128476,-0.0121434,-0.0114205,-0.0106801,-0.00992313,-0.00915088,-0.00836453,-0.00756528,-0.00675436,-0.00593303,-0.00510255,-0.0042642,-0.00341928,-0.00256908,-0.00171493,-0.000858124,0
0,0.000900198,0.00179901,0.00269504,0.00358692,0.00447327,0.00535273,0.00622392,0.00708553,0.0079362,0.00877464,0.00959955,0.0104097,0.0112037,0.0119805,0.0127388,0.0134775,0.0141954,0.0148914,0.0155644,0.0162134,0.0168375,0.0174355,0.0180067,0.0185501,0.019065,0.0195504,0.0200057,0.0204301,0.020823,0.0211839,0.021512,0.021807,0.0220684,0.0222957,0.0224887,0.0226469,0.0227703,0.0228586,0.0229116,0.0229292,0.0229116,0.0228586,0.0227703,0.0226469,0.0224887,0.0222957,0.0220684,0.021807,0.021512,0.0211839,0.020823,0.0204301,0.0200057,0.0195504,0.019065,0.0185501,0.0180067,0.0174355,0.0168375,0.0162134,0.0155644,0.0148914,0.0141954,0.0134775,0.0127388,0.0119805,0.0112037,0.0104097,0.00959955,0.00877464,0.0079362,0.00708553,0.00622392,0.00535273,0.00447327,0.00358692,0.00269504,0.00179901,0.000900198,2.19009e-17,-0.000900198,-0.00179901,-0.00269504,-0.00358692,-0.00447327,-0.00535273,-0.00622392,-0.00708553,-0.0079362,-0.00877464,-0.00959955,-0.0104097,-0.0112037,-0.0119805,-0.0127388,-0.0134775,-0.0141954,-0.0148914,-0.0155644,-0.0162134,-0.0168375,-0.0174355,-0.0180067,-0.0185501,-0.019065,-0.0195504,-0.0200057,-0.0204301,-0.020823,-0.0211839,-0.021512,-0.021807,-0.0220684,-0.0222957,-0.0224887,-0.0226469,-0.0227703,-0.0228586,-0.0229116,-0.0229292,-0.0229116,-0.0228586,-0.0227703,-0.0226469,-0.0224887,-0.0222957,-0.0220684,-0.021807,-0.021512,-0.0211839,-0.020823,-0.0204301,-0.0200057,-0.0195504,-0.019065,-0.0185501,-0.0180067,-0.0174355,-0.0168375,-0.0162134,-0.0155644,-0.0148914,-0.0141954,-0.0134775,-0.0127388,-0.0119805,-0.0112037,-0.0104097,-0.00959955,-0.00877464,-0.0079362,-0.00708553,-0.00622392,-0.00535273,-0.00447327,-0.00358692,-0.00269504,-0.00179901,-0.000900198,0
0,0.000940884,0.00188032,0.00281685,0.00374904,0.00467545,0.00559465,0.00650522,0.00740577,0.00829489,0.00917122,0.0100334,0.0108801,0.0117101,0.012522,0.0133146,0.0140866,0.0148369,0.0155644,0.0162678,0.0169462,0.0175985,0.0182236,0.0188206,0.0193885,0.0199266,0.020434,0.0209099,0.0213535,0.0217642,0.0221413,0.0224843,0.0227926,0.0230658,0.0233034,0.0235051,0.0236705,0.0237994,0.0238917,0.0239471,0.0239656,0.0239471,0.0238917,0.0237994,0.0236705,0.0235051,0.0233034,0.0230658,0.0227926,0.0224843,0.0221413,0.0217642,0.0213535,0.0209099,0.020434,0.0199266,0.0193885,0.0188206,0.0182236,0.0175985,0.0169462,0.0162678,0.0155644,0.0148369,0.0140866,0.0133146,0.012522,0.0117101,0.0108801,0.0100334,0.00917122,0.00829489,0.00740577,0.00650522,0.00559465,0.00467545,0.00374904,0.00281685,0.00188032,0.000940884,-4.0766e-17,-0.000940884,-0.00188032,-0.00281685,-0.00374904,-0.00467545,-0.00559465,-0.00650522,-0.00740577,-0.00829489,-0.00917122,-0.0100334,-0.0108801,-0.0117101,-0.012522,-0.0133146,-0.0140866,-0.0148369,-0.0155644,-0.0162678,-0.0169462,-0.0175985,-0.0182236,-0.0188206,-0.0193885,-0.0199266,-0.020434,-0.0209099,-0.0213535,-0.0217642,-0.0221413,-0.0224843,-0.0227926,-0.0230658,-0.0233034,-0.0235051,-0.0236705,-0.0237994,-0.0238917,-0.0239471,-0.0239656,-0.0239471,-0.0238917,-0.0237994,-0.0236705,-0.0235051,-0.0233034,-0.0230658,-0.0227926,-0.0224843,-0.0221413,-0.0217642,-0.0213535,-0.0209099,-0.020434,-0.0199266,-0.0193885,-0.0188206,-0.0182236,-0.0175985,-0.0169462,-0.0162678,-0.0155644,-0.0148369,-0.0140866,-0.0133146,-0.012522,-0.0117101,-0.0108801,-0.0100334,-0.00917122,-0.00829489,-0.00740577,-0.00650522,-0.00559465,-0.00467545,-0.00374904,-0.00281685,-0.00188032,-0.000940884,0
0,0.000980118,0.00195873,0.00293431,0.00390538,0.00487042,0.00582795,0.00677649,0.00771459,0.00864079,0.00955366,0.0104518,0.0113338,0.0121984,0.0130441,0.0138698,0.014674,0.0154556,0.0162134,0.0169462,0.0176529,0.0183323,0.0189835,0.0196054,0.0201971,0.0207576,0.0212861,0.0217818,0.0222439,0.0226717,0.0230646,0.0234219,0.0237431,0.0240276,0.0242751,0.0244852,0.0246576,0.0247919,0.024888,0.0249457,0.0249649,0.0249457,0.024888,0.0247919,0.0246576,0.0244852,0.0242751,0.0240276,0.0237431,0.0234219,0.0230646,0.0226717,0.0222439,0.0217818,0.0212861,0.0207576,0.0201971,0.0196054,0.0189835,0.0183323,0.0176529,0.0169462,0.0162134,0.0154556,0.014674,0.0138698,0.0130441,0.0121984,0.0113338,0.0104518,0.00955366,0.00864079,0.00771459,0.00677649,0.00582795,0.00487042,0.00390538,0.00293431,0.00195873,0.000980118,2.40151e-17,-0.000980118,-0.00195873,-0.00293431,-0.00390538,-0.00487042,-0.00582795,-0.00677649,-0.00771459,-0.00864079,-0.00955366,-0.0104518,-0.0113338,-0.0121984,-0.0130441,-0.0138698,-0.014674,-0.0154556,-0.0162134,-0.0169462,-0.0176529,-0.0183323,-0.0189835,-0.0196054,-0.0201971,-0.0207576,-0.0212861,-0.0217818,-0.0222439,-0.0226717,-0.0230646,-0.0234219,-0.0237431,-0.0240276,-0.0242751,-0.0244852,-0.0246576,-0.0247919,-0.024888,-0.0249457,-0.0249649,-0.0249457,-0.024888,-0.0247919,-0.0246576,-0.0244852,-0.0242751,-0.0240276,-0.0237431,-0.0234219,-0.0230646,-0.0226717,-0.0222439,-0.0217818,-0.0212861,-0.0207576,-0.0201971,-0.0196054,-0.0189835,-0.0183323,-0.0176529,-0.0169462,-0.0162134,-0.0154556,-0.014674,-0.0138698,-0.0130441,-0.0121984,-0.0113338,-0.0104518,-0.00955366,-0.00864079,-0.00771459,-0.00677649,-0.00582795,-0.00487042,-0.00390538,-0.00293431,-0.00195873,-0.000980118,0
0,0.00101784,0.00203411,0.00304725,0.00405569,0.00505787,0.00605226,0.00703731,0.00801151,0.00897336,0.00992137,0.0108541,0.0117701,0.0126679,0.0135462,0.0144036,0.0152388,0.0160505,0.0168375,0.0175985,0.0183323,0.0190379,0.0197141,0.02036,0.0209744,0.0215565,0.0221054,0.0226202,0.0231001,0.0235443,0.0239523,0.0243234,0.0246569,0.0249524,0.0252095,0.0254276,0.0256066,0.0257461,0.0258459,0.0259058,0.0259258,0.0259058,0.0258459,0.0257461,0.0256066,0.0254276,0.0252095,0.0249524,0.0246569,0.0243234,0.0239523,0.0235443,0.0231001,0.0226202,0.0221054,0.0215565,0.0209744,0.02036,0.0197141,0.0190379,0.0183323,0.0175985,0.0168375,0.0160505,0.0152388,0.0144036,0.0135462,0.0126679,0.0117701,0.0108541,0.00992137,0.00897336,0.00801151,0.00703731,0.00605226,0.00505787,0.00405569,0.00304725,0.00203411,0.00101784,-4.5157e-17,-0.00101784,-0.00203411,-0.00304725,-0.00405569,-0.00505787,-0.00605226,-0.00703731,-0.00801151,-0.00897336,-0.00992137,-0.0108541,-0.0117701,-0.0126679,-0.0135462,-0.0144036,-0.0152388,-0.0160505,-0.0168375,-0.0175985,-0.0183323,-0.0190379,-0.0197141,-0.02036,-0.0209744,-0.0215565,-0.0221054,-0.0226202,-0.0231001,-0.0235443,-0.0239523,-0.0243234,-0.0246569,-0.0249524,-0.0252095,-0.0254276,-0.0256066,-0.0257461,-0.0258459,-0.0259058,-0.0259258,-0.0259058,-0.0258459,-0.0257461,-0.0256066,-0.0254276,-0.0252095,-0.0249524,-0.0246569,-0.0243234,-0.0239523,-0.0235443,-0.0231001,-0.0226202,-0.0221054,-0.0215565,-0.0209744,-0.02036,-0.0197141,-0.0190379,-0.0183323,-0.0175985,-0.0168375,-0.0160505,-0.0152388,-0.0144036,-0.0135462,-0.0126679,-0.0117701,-0.0108541,-0.00992137,-0.00897336,-0.00801151,-0.00703731,-0.00605226,-0.00505787,-0.00405569,-0.00304725,-0.00203411,-0.00101784,0
0,0.001054,0.00210637,0.00315549,0.00419975,0.00523753,0.00626724,0.00728728,0.00829609,0.0092921,0.0102738,0.0112396,0.0121881,0.0131179,0.0140274,0.0149152,0.0157801,0.0166206,0.0174355,0.0182236,0.0189835,0.0197141,0.0204144,0.0210832,0.0217194,0.0223222,0.0228906,0.0234236,0.0239206,0.0243806,0.0248031,0.0251873,0.0255327,0.0258387,0.0261049,0.0263308,0.0265162,0.0266606,0.0267639,0.026826,0.0268467,0.026826,0.0267639,0.0266606,0.0265162,0.0263308,0.0261049,0.0258387,0.0255327,0.0251873,0.0248031,0.0243806,0.0239206,0.0234236,0.0228906,0.0223222,0.0217194,0.0210832,0.0204144,0.0197141,0.0189835,0.0182236,0.0174355,0.0166206,0.0157801,0.0149152,0.0140274,0.0131179,0.0121881,0.0112396,0.0102738,0.0092921,0.00829609,0.00728728,0.00626724,0.00523753,0.00419975,0.00315549,0.00210637,0.001054,2.5804e-17,-0.001054,-0.00210637,-0.00315549,-0.00419975,-0.00523753,-0.00626724,-0.00728728,-0.00829609,-0.0092921,-0.0102738,-0.0112396,-0.0121881,-0.0131179,-0.0140274,-0.0149152,-0.0157801,-0.0166206,-0.0174355,-0.0182236,-0.0189835,-0.0197141,-0.0204144,-0.0210832,-0.0217194,-0.0223222,-0.0228906,-0.0234236,-0.0239206,-0.0243806,-0.0248031,-0.0251873,-0.0255327,-0.0258387,-0.0261049,-0.0263308,-0.0265162,-0.0266606,-0.0267639,-0.026826,-0.0268467,-0.026826,-0.0267639,-0.0266606,-0.0265162,-0.0263308,-0.0261049,-0.0258387,-0.0255327,-0.0251873,-0.0248031,-0.0243806,-0.0239206,-0.0234236,-0.0228906,-0.0223222,-0.0217194,-0.0210832,-0.0204144,-0.0197141,-0.0189835,-0.0182236,-0.0174355,-0.0166206,-0.0157801,-0.0149152,-0.0140274,-0.0131179,-0.0121881,-0.0112396,-0.0102738,-0.0092921,-0.00829609,-0.00728728,-0.00626724,-0.00523753,-0.00419975,-0.00315549,-0.00210637,-0.001054,0
